Date,Open,High,Low,Close,Volume,Adj Close
2014-12-31,34.49,34.53,34.07,34.17,4162100,34.17
2014-12-30,34.35,34.60,34.27,34.39,3887100,34.39
2014-12-29,34.53,34.87,34.51,34.67,3788900,34.67
2014-12-26,34.73,34.97,34.69,34.85,2521500,34.85
2014-12-24,34.74,34.84,34.64,34.65,1434000,34.65
2014-12-23,34.92,35.00,34.66,34.70,5253900,34.70
2014-12-22,35.29,35.29,34.95,35.05,4857200,35.05
2014-12-19,35.06,35.37,34.96,35.09,7506800,35.09
2014-12-18,34.92,35.34,34.82,35.34,6712500,35.34
2014-12-17,34.18,34.60,34.11,34.43,7062300,34.43
2014-12-16,33.65,34.60,33.53,33.95,7239500,33.95
2014-12-15,33.85,33.99,33.09,33.30,6124800,33.30
2014-12-12,34.16,34.42,33.54,33.56,8656600,33.56
2014-12-11,34.79,35.20,34.71,34.86,4871300,34.86
2014-12-10,35.16,35.16,34.60,34.64,5849700,34.64
2014-12-09,35.15,35.25,34.93,35.08,4915300,35.08
2014-12-08,35.89,36.04,35.65,35.80,4986000,35.80
2014-12-05,36.01,36.03,35.73,35.79,6656400,35.79
2014-12-04,35.26,35.38,35.03,35.12,3965700,35.12
2014-12-03,35.83,35.84,35.38,35.49,8165600,35.49
2014-12-02,36.00,36.08,35.74,35.76,5323900,35.76
2014-12-01,35.66,35.77,35.45,35.64,6041300,35.64
2014-11-28,36.50,37.00,36.30,36.55,10193600,36.55
2014-11-26,35.74,35.75,35.48,35.65,4362400,35.65
2014-11-25,35.32,35.33,35.13,35.30,3625600,35.30
2014-11-24,35.37,35.42,35.15,35.34,4310800,35.34
2014-11-21,35.81,35.85,35.35,35.67,4135300,35.67
2014-11-20,35.28,35.68,35.25,35.40,4393600,35.40
2014-11-19,35.77,35.85,35.42,35.69,4817700,35.13
2014-11-18,35.65,35.74,35.42,35.55,3919600,34.99
2014-11-17,35.60,35.98,35.45,35.96,5524100,35.39
2014-11-14,35.13,35.46,35.07,35.41,10403700,34.85
2014-11-13,35.25,35.52,35.18,35.35,4665600,34.79
2014-11-12,34.85,35.40,34.73,35.34,9333100,34.78
2014-11-11,34.91,35.06,34.46,34.80,31136800,34.25
2014-11-10,32.81,33.07,32.69,33.02,4113600,32.50
2014-11-07,32.91,33.08,32.67,33.07,3327000,32.55
2014-11-06,33.17,33.25,32.79,32.90,2948200,32.38
2014-11-05,33.20,33.33,33.01,33.22,7228600,32.70
2014-11-04,32.85,32.91,32.45,32.73,5183800,32.21
2014-11-03,32.90,33.00,32.78,33.00,3312600,32.48
2014-10-31,33.05,33.22,32.93,33.22,3963600,32.70
2014-10-30,32.70,33.11,32.69,32.97,3108000,32.45
2014-10-29,33.01,33.18,32.75,32.92,3623400,32.40
2014-10-28,32.73,32.94,32.49,32.93,5364800,32.41
2014-10-27,31.77,32.00,31.69,31.89,3531600,31.39
2014-10-24,32.24,32.33,32.05,32.26,5544100,31.75
2014-10-23,31.43,31.64,31.23,31.43,5576800,30.93
2014-10-22,31.03,31.18,30.97,30.99,3946000,30.50
2014-10-21,30.91,31.28,30.85,31.27,4715700,30.78
2014-10-20,30.31,30.75,30.30,30.70,4992400,30.21
2014-10-17,30.30,30.54,30.21,30.48,7226700,30.00
2014-10-16,28.75,29.90,28.63,29.67,17837600,29.20
2014-10-15,30.25,30.27,29.18,29.82,16584300,29.35
2014-10-14,31.05,31.09,30.66,30.70,13211400,30.21
2014-10-13,30.96,31.22,30.75,30.79,7172700,30.30
2014-10-10,31.42,31.52,30.83,30.85,8417700,30.36
2014-10-09,32.26,32.41,31.31,31.35,9103900,30.85
2014-10-08,32.99,33.29,32.61,33.26,5370100,32.73
2014-10-07,33.08,33.28,32.86,32.89,4786800,32.37
2014-10-06,32.84,33.02,32.73,32.98,4864800,32.46
2014-10-03,32.47,32.59,32.38,32.51,5187400,32.00
2014-10-02,32.78,32.82,32.12,32.33,6422100,31.82
2014-10-01,33.23,33.23,32.70,32.74,4743500,32.22
2014-09-30,33.28,33.32,32.79,32.89,4634500,32.37
2014-09-29,33.44,33.70,33.37,33.56,4200000,33.03
2014-09-26,33.43,33.51,33.21,33.42,3765200,32.89
2014-09-25,33.82,33.83,33.14,33.27,5172900,32.74
2014-09-24,33.33,33.48,33.11,33.44,4863800,32.91
2014-09-23,32.51,33.13,32.40,32.61,7895100,32.09
2014-09-22,33.12,33.14,32.63,32.82,4563400,32.30
2014-09-19,33.57,33.59,33.12,33.13,7152000,32.61
2014-09-18,33.34,33.38,33.14,33.23,3574700,32.70
2014-09-17,32.93,32.95,32.56,32.71,3192000,32.19
2014-09-16,32.50,32.90,32.40,32.85,3994000,32.33
2014-09-15,32.88,32.94,32.60,32.61,3313500,32.09
2014-09-12,33.06,33.14,32.91,33.03,2968200,32.51
2014-09-11,32.84,33.18,32.81,33.14,5108900,32.62
2014-09-10,33.15,33.37,33.00,33.36,2685200,32.83
2014-09-09,33.31,33.32,33.09,33.26,4096800,32.73
2014-09-08,33.09,33.30,33.05,33.12,5315000,32.60
2014-09-05,33.58,33.78,33.58,33.58,6623200,33.05
2014-09-04,34.45,34.48,34.13,34.17,3178000,33.63
2014-09-03,34.80,34.81,34.37,34.54,4867200,33.99
2014-09-02,34.05,34.59,33.96,34.32,7234200,33.78
2014-08-29,34.19,34.37,34.09,34.34,2466200,33.80
2014-08-28,34.28,34.42,34.27,34.41,2265200,33.87
2014-08-27,34.31,34.55,34.26,34.54,2728300,33.99
2014-08-26,34.17,34.22,34.00,34.06,2673200,33.52
2014-08-25,34.18,34.25,34.03,34.21,2727600,33.67
2014-08-22,33.97,34.18,33.93,34.09,5327400,33.55
2014-08-21,33.32,33.59,33.30,33.50,2581200,32.97
2014-08-20,33.39,33.46,33.20,33.36,2532600,32.83
2014-08-19,33.54,33.62,33.36,33.54,3719500,33.01
2014-08-18,33.41,33.50,33.35,33.43,2953900,32.90
2014-08-15,33.08,33.18,32.80,33.14,6391400,32.62
2014-08-14,32.98,32.98,32.66,32.74,2463200,32.22
2014-08-13,32.98,32.99,32.75,32.93,3453100,32.41
2014-08-12,32.32,32.65,32.31,32.58,3200100,32.07
2014-08-11,32.40,32.52,32.31,32.38,4198500,31.87
2014-08-08,32.38,32.39,32.03,32.18,6352900,31.67
2014-08-07,33.15,33.18,32.58,32.70,5289800,32.18
2014-08-06,33.29,33.37,33.15,33.26,3398800,32.73
2014-08-05,33.02,33.10,32.75,32.88,4490900,32.36
2014-08-04,33.21,33.27,32.96,33.18,3106700,32.66
2014-08-01,33.00,33.22,32.76,32.86,3622300,32.34
2014-07-31,33.46,33.57,33.11,33.22,6510700,32.70
2014-07-30,34.30,34.36,34.03,34.35,4895800,33.81
2014-07-29,34.67,34.69,34.29,34.46,6310500,33.92
2014-07-28,34.36,34.48,34.12,34.32,3780600,33.78
2014-07-25,34.38,34.46,34.08,34.16,7232600,33.62
2014-07-24,33.56,33.60,33.42,33.51,3107400,32.98
2014-07-23,33.66,33.73,33.49,33.59,4163200,33.06
2014-07-22,33.28,33.51,33.24,33.32,6057900,32.79
2014-07-21,33.23,33.25,33.05,33.07,3742900,32.55
2014-07-18,33.17,33.47,33.15,33.39,5696400,32.86
2014-07-17,33.37,33.50,33.06,33.15,9555200,32.63
2014-07-16,33.67,33.67,33.49,33.55,5145900,33.02
2014-07-15,33.25,33.39,33.17,33.39,13330400,32.86
2014-07-14,32.89,33.00,32.70,32.91,5938100,32.39
2014-07-11,32.29,32.54,32.25,32.54,4271400,32.03
2014-07-10,32.24,32.49,32.21,32.44,4045400,31.93
2014-07-09,32.40,32.78,32.33,32.71,4413200,32.19
2014-07-08,32.99,33.05,32.39,32.57,7069300,32.06
2014-07-07,33.68,33.71,33.40,33.47,4290800,32.94
2014-07-03,33.68,33.80,33.56,33.80,3004800,33.27
2014-07-02,33.71,33.74,33.25,33.45,6633500,32.92
2014-07-01,33.54,33.59,33.39,33.53,4186800,33.00
2014-06-30,33.51,33.53,33.21,33.39,5428400,32.86
2014-06-27,33.34,33.45,33.21,33.43,5142500,32.90
2014-06-26,32.92,33.21,32.84,33.19,7594400,32.67
2014-06-25,32.20,32.39,32.14,32.36,8234100,31.85
2014-06-24,32.37,32.50,31.87,32.00,11731100,31.49
2014-06-23,32.56,32.69,32.48,32.52,5745700,32.01
2014-06-20,32.55,32.80,32.40,32.53,11180100,32.02
2014-06-19,33.50,33.53,32.74,32.93,11465100,32.41
2014-06-18,33.46,33.81,33.40,33.78,8075400,33.25
2014-06-17,32.88,33.23,32.84,33.16,3897300,32.64
2014-06-16,33.01,33.20,32.82,32.90,4317500,32.38
2014-06-13,32.82,33.09,32.77,32.88,4559600,32.36
2014-06-12,33.38,33.38,32.77,32.92,4893100,32.40
2014-06-11,33.49,33.60,33.14,33.33,5259800,32.80
2014-06-10,34.88,34.97,34.81,34.93,6857800,33.14
2014-06-09,34.99,35.05,34.74,34.87,5306600,33.08
2014-06-06,34.70,34.98,34.67,34.95,5662200,33.16
2014-06-05,34.33,34.51,34.15,34.41,5695500,32.65
2014-06-04,34.20,34.37,34.15,34.22,5541400,32.47
2014-06-03,34.69,34.75,34.59,34.68,5690900,32.90
2014-06-02,35.10,35.17,34.84,34.89,4777100,33.10
2014-05-30,35.09,35.11,34.94,35.01,4320500,33.22
2014-05-29,35.09,35.12,34.96,35.04,4799700,33.25
2014-05-28,34.87,35.11,34.82,34.96,6187200,33.17
2014-05-27,34.97,34.98,34.73,34.87,5733000,33.08
2014-05-23,34.56,34.75,34.52,34.60,4459000,32.83
2014-05-22,34.36,34.49,34.27,34.43,4495500,32.67
2014-05-21,34.33,34.52,34.28,34.43,9564400,32.67
2014-05-20,34.79,34.96,34.10,34.21,15250500,32.46
2014-05-19,36.12,36.55,36.06,36.31,6641100,34.45
2014-05-16,36.47,36.51,36.28,36.44,5278600,34.57
2014-05-15,36.27,36.44,36.06,36.28,12033300,34.42
2014-05-14,36.93,37.30,36.91,37.07,4336300,35.17
2014-05-13,36.89,37.25,36.75,37.06,9867600,35.16
2014-05-12,37.96,38.04,37.68,37.81,4218300,35.87
2014-05-09,38.20,38.20,37.78,38.00,6488400,36.05
2014-05-08,38.33,38.50,38.16,38.26,8035500,36.30
2014-05-07,38.28,38.54,38.08,38.15,8166600,36.20
2014-05-06,38.07,38.15,37.81,37.96,3674200,36.02
2014-05-05,37.53,37.77,37.28,37.67,2365600,35.74
2014-05-02,37.53,37.79,37.39,37.49,4505400,35.57
2014-05-01,36.98,37.34,36.86,37.29,8346500,35.38
2014-04-30,37.76,37.96,37.61,37.96,5194600,36.02
2014-04-29,37.19,37.58,37.18,37.51,4199200,35.59
2014-04-28,36.68,37.02,36.50,36.86,6228000,34.97
2014-04-25,36.73,36.76,36.39,36.67,5707700,34.79
2014-04-24,36.06,36.42,36.04,36.42,8551600,34.55
2014-04-23,36.21,36.22,35.88,35.92,6743400,34.08
2014-04-22,36.43,36.60,36.30,36.54,5174000,34.67
2014-04-21,36.09,36.20,36.01,36.16,3936100,34.31
2014-04-17,35.91,36.22,35.80,35.99,11851700,34.15
2014-04-16,35.53,35.69,35.40,35.65,7428200,33.82
2014-04-15,35.40,35.54,35.01,35.37,6931900,33.56
2014-04-14,35.53,35.61,35.31,35.52,4592700,33.70
2014-04-11,35.75,35.90,35.39,35.40,6867900,33.59
2014-04-10,36.59,36.74,36.06,36.09,8327300,34.24
2014-04-09,36.80,37.10,36.62,37.09,6959600,35.19
2014-04-08,35.95,36.09,35.74,36.00,6624600,34.16
2014-04-07,36.38,36.44,35.96,36.04,8771600,34.19
2014-04-04,35.98,36.66,35.77,35.95,16284200,34.11
2014-04-03,36.44,36.54,36.19,36.26,6843200,34.40
2014-04-02,36.88,36.97,36.64,36.72,6153600,34.84
2014-04-01,36.66,36.74,36.51,36.73,4865000,34.85
2014-03-31,36.81,36.90,36.43,36.81,6890600,34.92
2014-03-28,36.39,36.55,36.27,36.45,5620300,34.58
2014-03-27,36.40,36.47,35.99,36.05,11540100,34.20
2014-03-26,36.87,37.04,36.25,36.27,12848100,34.41
2014-03-25,36.72,36.89,36.65,36.80,7383100,34.92
2014-03-24,36.93,37.05,36.47,36.70,8235200,34.82
2014-03-21,37.55,37.63,37.17,37.31,7274100,35.40
2014-03-20,37.19,37.58,37.18,37.38,5597600,35.47
2014-03-19,38.00,38.03,37.42,37.54,9917800,35.62
2014-03-18,37.27,37.65,37.25,37.62,7271500,35.69
2014-03-17,37.35,37.67,37.23,37.46,8516000,35.54
2014-03-14,36.89,37.13,36.65,36.98,7720200,35.09
2014-03-13,38.11,38.12,37.03,37.20,10347300,35.29
2014-03-12,37.81,38.30,37.72,37.96,15109600,36.02
2014-03-11,37.88,37.90,37.43,37.55,11617000,35.63
2014-03-10,38.42,38.55,37.99,38.14,15901200,36.19
2014-03-07,40.85,40.86,39.60,39.93,13279100,37.88
2014-03-06,41.21,41.43,41.00,41.09,6486000,38.99
2014-03-05,41.23,41.30,40.94,41.05,9928300,38.95
2014-03-04,41.27,41.51,41.17,41.50,6925600,39.37
2014-03-03,40.77,40.89,40.31,40.88,11917300,38.79
2014-02-28,41.74,41.90,41.38,41.57,13822300,39.44
2014-02-27,40.95,41.32,40.93,41.26,9651800,39.15
2014-02-26,40.88,40.92,40.40,40.57,12471800,38.49
2014-02-25,41.16,41.69,40.61,41.13,16019800,39.02
2014-02-24,41.50,42.14,41.14,41.20,36159800,39.09
2014-02-21,39.17,39.57,38.57,39.00,36754600,37.72
2014-02-20,38.02,38.88,37.89,38.74,19675600,37.47
2014-02-19,37.14,37.48,37.08,37.33,11807600,36.10
2014-02-18,37.00,37.41,36.97,37.09,21003100,35.87
2014-02-14,36.38,36.92,36.30,36.81,30098400,35.60
2014-02-13,36.28,36.85,36.28,36.81,9702200,35.60
2014-02-12,36.39,36.70,36.37,36.64,8684300,35.44
2014-02-11,36.44,36.63,36.34,36.56,14644100,35.36
2014-02-10,36.50,36.60,36.22,36.25,9735100,35.06
2014-02-07,36.71,36.71,36.33,36.58,8446000,35.38
2014-02-06,36.24,36.80,36.07,36.67,16775800,35.47
2014-02-05,35.24,35.51,35.13,35.40,18731800,34.24
2014-02-04,35.77,35.87,35.59,35.66,10611300,34.49
2014-02-03,36.44,36.66,35.88,35.95,11590400,34.77
2014-01-31,36.61,37.39,36.61,37.06,8483000,35.84
2014-01-30,37.40,37.42,37.09,37.23,9602100,36.01
2014-01-29,36.50,37.90,36.50,37.31,20543500,36.08
2014-01-28,36.85,37.31,36.85,37.17,11704200,35.95
2014-01-27,37.18,37.28,36.40,36.80,32803400,35.59
2014-01-24,38.49,38.60,38.02,38.04,11090300,36.79
2014-01-23,38.96,39.09,38.70,39.09,8603200,37.81
2014-01-22,39.29,39.43,39.14,39.19,21351700,37.90
2014-01-21,39.27,39.31,38.94,39.20,6725100,37.91
2014-01-17,39.14,39.43,39.12,39.23,10396100,37.94
2014-01-16,38.64,38.88,38.63,38.83,4946700,37.55
2014-01-15,38.79,38.99,38.66,38.93,8592200,37.65
2014-01-14,38.61,38.82,38.42,38.75,6851500,37.48
2014-01-13,38.19,38.38,37.94,38.02,8640600,36.77
2014-01-10,38.70,38.90,38.56,38.69,6555300,37.42
2014-01-09,39.12,39.15,38.67,38.84,7908100,37.56
2014-01-08,38.79,38.91,38.68,38.78,5627100,37.51
2014-01-07,38.96,39.04,38.79,38.81,7778900,37.54
2014-01-06,38.71,38.80,38.52,38.74,8212700,37.47
2014-01-03,38.77,38.89,38.39,38.41,7060900,37.15
2014-01-02,39.00,39.05,38.66,38.87,6891400,37.59
2013-12-31,39.11,39.44,39.05,39.31,5292400,38.02
2013-12-30,39.01,39.19,38.87,39.01,7304500,37.73
2013-12-27,39.19,39.29,39.01,39.25,5792900,37.96
2013-12-26,38.97,39.21,38.77,39.05,5030000,37.77
2013-12-24,38.68,39.10,38.60,39.04,2785800,37.76
2013-12-23,38.51,38.62,38.37,38.54,5377500,37.27
2013-12-20,38.34,38.60,38.23,38.32,10599000,37.06
2013-12-19,37.73,38.35,37.65,38.34,9146400,37.08
2013-12-18,37.45,37.70,37.00,37.68,7436200,36.44
2013-12-17,37.05,37.22,36.97,37.02,8243300,35.80
2013-12-16,37.19,37.27,36.79,36.94,8780000,35.73
2013-12-13,37.06,37.10,36.65,36.80,11717900,35.59
2013-12-12,37.49,37.59,37.30,37.45,9554100,36.22
2013-12-11,37.90,37.93,37.59,37.69,6225600,36.45
2013-12-10,38.03,38.08,37.85,37.99,10758600,36.74
2013-12-09,38.23,38.33,38.12,38.15,8871300,36.90
2013-12-06,37.54,37.74,37.45,37.72,7581100,36.48
2013-12-05,36.71,36.89,36.67,36.76,6017600,35.55
2013-12-04,36.59,36.85,36.58,36.79,6599700,35.58
2013-12-03,36.94,37.13,36.84,36.97,6877900,35.76
2013-12-02,37.16,37.25,36.93,36.97,6208900,35.76
2013-11-29,37.33,37.34,37.02,37.09,2382300,35.87
2013-11-27,37.30,37.31,37.09,37.17,6052700,35.95
2013-11-26,37.06,37.18,36.88,36.96,5498700,35.75
2013-11-25,37.12,37.17,36.85,36.95,5773200,35.74
2013-11-22,37.07,37.18,36.94,37.09,5303100,35.87
2013-11-21,36.92,37.19,36.82,37.12,10086100,35.90
2013-11-20,36.68,36.76,36.24,36.32,9398100,35.13
2013-11-19,37.38,37.43,37.03,37.07,9345700,35.31
2013-11-18,37.40,37.87,37.32,37.42,10183400,35.64
2013-11-15,37.60,37.60,37.14,37.25,10155100,35.48
2013-11-14,37.13,37.26,37.03,37.16,6259400,35.39
2013-11-13,36.51,37.05,36.48,37.05,6018900,35.29
2013-11-12,36.46,36.92,36.32,36.68,10118700,34.94
2013-11-11,36.35,36.56,36.14,36.29,9606500,34.57
2013-11-08,36.42,36.82,36.40,36.54,10606900,34.80
2013-11-07,36.98,37.05,36.37,36.46,9266700,34.73
2013-11-06,37.05,37.25,37.02,37.16,6937300,35.39
2013-11-05,36.63,36.89,36.52,36.81,5540500,35.06
2013-11-04,36.96,37.01,36.65,36.81,5294400,35.06
2013-11-01,36.99,37.09,36.76,36.91,14444800,35.16
2013-10-31,35.99,37.90,35.93,36.85,27197200,35.10
2013-10-30,36.35,36.55,36.15,36.32,15256900,34.59
2013-10-29,36.26,36.43,36.17,36.34,14095400,34.61
2013-10-28,36.43,36.52,36.35,36.48,12335600,34.75
2013-10-25,36.86,36.87,36.52,36.59,6437400,34.85
2013-10-24,36.97,37.04,36.88,36.99,6175800,35.23
2013-10-23,36.89,37.08,36.80,37.01,7856200,35.25
2013-10-22,36.83,37.17,36.83,36.88,7863000,35.13
2013-10-21,36.57,37.05,36.53,36.93,7234200,35.18
2013-10-18,37.07,37.07,36.62,36.77,10595700,35.02
2013-10-17,36.80,37.22,36.67,37.09,23866800,35.33
2013-10-16,35.60,36.13,35.55,36.11,16090600,34.39
2013-10-15,35.21,35.52,35.15,35.43,15561700,33.75
2013-10-14,35.51,35.59,35.30,35.53,11988900,33.84
2013-10-11,35.07,35.44,34.92,35.43,18896300,33.75
2013-10-10,34.44,34.90,34.41,34.85,11736200,33.19
2013-10-09,34.26,34.66,34.10,34.44,17505300,32.80
2013-10-08,35.12,35.30,34.72,34.77,12701300,33.12
2013-10-07,35.07,35.37,35.05,35.14,9596400,33.47
2013-10-04,35.68,35.82,35.37,35.46,8405900,33.78
2013-10-03,36.07,36.08,35.45,35.54,19694100,33.85
2013-10-02,35.27,35.96,35.22,35.83,13482900,34.13
2013-10-01,35.18,35.36,35.11,35.36,9485100,33.68
2013-09-30,34.95,35.19,34.82,35.18,12532900,33.51
2013-09-27,34.75,35.07,34.75,35.00,8805000,33.34
2013-09-26,34.95,35.09,34.86,35.05,12336000,33.38
2013-09-25,34.87,34.93,34.58,34.77,19060900,33.12
2013-09-24,33.79,34.45,33.77,34.43,17183500,32.79
2013-09-23,33.68,33.74,33.47,33.72,10150100,32.12
2013-09-20,33.39,33.75,33.37,33.58,14178700,31.98
2013-09-19,33.66,33.70,33.49,33.54,12517300,31.95
2013-09-18,33.73,34.25,33.59,34.17,8575400,32.55
2013-09-17,33.60,33.87,33.57,33.80,7722100,32.19
2013-09-16,33.96,34.08,33.78,33.89,9159900,32.28
2013-09-13,33.59,33.69,33.49,33.59,10352100,31.99
2013-09-12,33.04,33.65,33.03,33.40,13158400,31.81
2013-09-11,33.11,33.23,33.05,33.18,14255600,31.60
2013-09-10,32.88,33.02,32.56,33.02,19805600,31.45
2013-09-09,33.00,33.35,32.89,33.34,17013600,31.76
2013-09-06,32.80,33.00,32.64,32.89,17786000,31.33
2013-09-05,32.93,32.95,32.51,32.75,23010300,31.19
2013-09-04,31.99,32.44,31.96,32.41,31472200,30.87
2013-09-03,31.63,32.04,31.10,32.01,42832500,30.49
2013-08-30,32.03,32.37,31.71,32.35,35945300,30.81
2013-08-29,31.89,32.00,30.19,31.80,64448300,30.29
2013-08-28,29.05,29.46,29.02,29.41,7239700,28.01
2013-08-27,29.53,29.67,29.33,29.34,5494700,27.95
2013-08-26,29.87,29.97,29.79,29.84,3700900,28.42
2013-08-23,29.80,29.98,29.73,29.95,5492400,28.53
2013-08-22,29.62,29.69,29.45,29.59,4660700,28.18
2013-08-21,29.98,30.07,29.62,29.77,6106400,28.36
2013-08-20,29.79,29.86,29.59,29.82,4991100,28.40
2013-08-19,29.73,29.85,29.48,29.49,5639500,28.09
2013-08-16,30.04,30.07,29.84,29.90,6628200,28.48
2013-08-15,29.94,30.10,29.85,30.02,5221700,28.59
2013-08-14,30.49,30.53,30.20,30.27,3555000,28.83
2013-08-13,30.56,30.67,30.30,30.63,4839600,29.17
2013-08-12,30.29,30.50,30.26,30.27,4933200,28.83
2013-08-09,31.02,31.02,30.35,30.61,9909400,29.16
2013-08-08,30.64,30.76,30.46,30.59,5818900,29.14
2013-08-07,30.69,30.85,30.51,30.59,9333400,29.14
2013-08-06,30.28,30.56,30.28,30.44,5455000,28.99
2013-08-05,30.32,30.52,30.24,30.52,4180200,29.07
2013-08-02,30.29,30.55,30.29,30.55,4116400,29.10
2013-08-01,30.27,30.40,30.22,30.35,6314400,28.91
2013-07-31,29.75,30.19,29.75,29.95,7459000,28.53
2013-07-30,29.86,29.91,29.68,29.78,4243100,28.37
2013-07-29,29.89,29.93,29.78,29.88,4048900,28.46
2013-07-26,29.57,29.85,29.57,29.83,4303900,28.41
2013-07-25,29.68,29.82,29.60,29.76,6127300,28.35
2013-07-24,29.78,29.83,29.53,29.61,5478100,28.20
2013-07-23,29.85,29.91,29.62,29.84,6043000,28.42
2013-07-22,29.61,29.93,29.53,29.61,12604700,28.20
2013-07-19,29.41,29.64,29.29,29.53,8262800,28.13
2013-07-18,29.08,29.26,29.03,29.12,6003800,27.74
2013-07-17,29.40,29.46,29.20,29.31,4170500,27.92
2013-07-16,29.39,29.44,29.28,29.35,7533200,27.96
2013-07-15,29.30,29.55,29.27,29.45,5568800,28.05
2013-07-12,29.35,29.51,29.27,29.50,8547200,28.10
2013-07-11,29.13,29.31,28.97,29.30,8517900,27.91
2013-07-10,28.57,28.87,28.54,28.79,4835600,27.42
2013-07-09,28.77,28.87,28.65,28.82,5122300,27.45
2013-07-08,28.88,28.92,28.58,28.75,5396700,27.38
2013-07-05,28.89,28.95,28.47,28.78,5576400,27.41
2013-07-03,28.59,28.80,28.49,28.72,3271900,27.36
2013-07-02,28.61,28.95,28.53,28.66,5175700,27.30
2013-07-01,28.82,28.85,28.64,28.74,5492300,27.37
2013-06-28,28.42,28.87,28.41,28.75,8889500,27.38
2013-06-27,28.20,28.59,28.19,28.42,13569300,27.07
2013-06-26,27.97,28.33,27.96,28.21,9197900,26.87
2013-06-25,27.77,28.01,27.64,28.00,10790000,26.67
2013-06-24,27.07,27.44,27.04,27.31,9070400,26.01
2013-06-21,27.52,27.57,27.02,27.27,11378800,25.97
2013-06-20,27.76,27.86,27.33,27.41,11309300,26.11
2013-06-19,28.58,28.62,27.88,27.90,6299400,26.57
2013-06-18,28.97,28.98,28.61,28.71,9161200,27.35
2013-06-17,29.14,29.14,28.43,28.56,10159300,27.20
2013-06-14,28.23,28.52,28.16,28.16,6437600,26.82
2013-06-13,28.01,28.38,28.00,28.32,10233100,26.97
2013-06-12,28.84,28.88,28.03,28.12,13776600,26.78
2013-06-11,29.75,30.02,29.68,29.86,6968100,27.44
2013-06-10,29.80,29.97,29.66,29.86,6711100,27.44
2013-06-07,29.70,29.91,29.62,29.66,9467800,27.26
2013-06-06,29.33,29.45,29.18,29.45,6884300,27.07
2013-06-05,28.95,29.02,28.81,28.88,6651400,26.54
2013-06-04,29.15,29.44,29.11,29.33,8684000,26.96
2013-06-03,29.04,29.04,28.78,28.84,10204600,26.50
2013-05-31,29.19,29.35,28.95,28.96,7692300,26.62
2013-05-30,29.41,29.56,29.31,29.47,8810100,27.08
2013-05-29,29.37,29.43,29.11,29.33,12233300,26.96
2013-05-28,29.99,30.00,29.57,29.60,7705200,27.20
2013-05-24,29.34,29.61,29.27,29.61,5260900,27.21
2013-05-23,29.09,29.42,28.88,29.36,7531900,26.98
2013-05-22,29.98,30.05,29.21,29.33,15364200,26.96
2013-05-21,30.11,30.44,30.09,30.20,12280700,27.75
2013-05-20,29.97,30.16,29.95,30.10,7515800,27.66
2013-05-17,30.11,30.24,29.99,30.23,7330600,27.78
2013-05-16,30.19,30.30,30.02,30.15,8236600,27.71
2013-05-15,29.72,29.92,29.71,29.90,8401800,27.48
2013-05-14,29.33,29.79,29.27,29.72,12315900,27.31
2013-05-13,29.85,29.85,29.64,29.66,9346800,27.26
2013-05-10,29.84,30.13,29.80,30.12,12067100,27.68
2013-05-09,29.85,30.05,29.78,29.86,11071600,27.44
2013-05-08,30.00,30.17,29.99,30.14,8667200,27.70
2013-05-07,30.14,30.37,30.03,30.30,7341300,27.85
2013-05-06,30.22,30.30,30.15,30.16,5260500,27.72
2013-05-03,30.14,30.39,30.08,30.34,7424500,27.88
2013-05-02,30.09,30.21,29.99,30.06,8900900,27.63
2013-05-01,30.70,30.75,30.44,30.54,8090400,28.07
2013-04-30,30.36,30.63,30.29,30.59,10061300,28.11
2013-04-29,30.49,30.80,30.46,30.59,8763100,28.11
2013-04-26,30.63,30.65,30.45,30.63,6490000,28.15
2013-04-25,30.37,30.52,30.20,30.43,13583700,27.97
2013-04-24,29.61,29.66,29.48,29.60,8970400,27.20
2013-04-23,29.74,29.86,29.58,29.80,8650200,27.39
2013-04-22,29.67,29.83,29.57,29.74,8507100,27.33
2013-04-19,29.61,29.68,29.40,29.59,16074000,27.19
2013-04-18,29.98,29.99,29.34,29.50,12828700,27.11
2013-04-17,29.08,29.10,28.63,28.79,7701800,26.46
2013-04-16,29.34,29.37,29.03,29.25,6123500,26.88
2013-04-15,29.07,29.29,29.02,29.03,7990000,26.68
2013-04-12,29.50,29.51,29.25,29.40,6817700,27.02
2013-04-11,29.33,29.37,29.12,29.27,9955100,26.90
2013-04-10,28.87,29.17,28.86,29.10,12974000,26.74
2013-04-09,28.92,28.98,28.60,28.71,12433800,26.39
2013-04-08,28.14,28.58,28.01,28.53,12261300,26.22
2013-04-05,27.92,28.19,27.81,28.14,6152000,25.86
2013-04-04,28.03,28.25,27.86,28.17,9528700,25.89
2013-04-03,28.54,28.84,28.01,28.08,19904500,25.81
2013-04-02,29.76,29.95,28.73,29.41,44482400,27.03
2013-04-01,28.41,28.54,28.29,28.34,4401800,26.05
2013-03-28,28.32,28.51,28.29,28.40,6177000,26.10
2013-03-27,27.98,28.27,27.94,28.24,12105200,25.95
2013-03-26,28.46,28.65,28.32,28.64,10445600,26.32
2013-03-25,28.70,28.73,28.34,28.41,13638700,26.11
2013-03-22,27.96,28.13,27.94,28.03,7940800,25.76
2013-03-21,27.69,27.94,27.68,27.84,7850400,25.59
2013-03-20,28.25,28.34,27.95,27.97,8047400,25.71
2013-03-19,28.40,28.50,28.14,28.33,14788300,26.04
2013-03-18,27.81,28.14,27.73,27.93,12817300,25.67
2013-03-15,27.71,27.85,27.61,27.65,6824900,25.41
2013-03-14,27.51,27.88,27.50,27.80,12025000,25.55
2013-03-13,27.31,27.40,27.15,27.26,9251700,25.05
2013-03-12,27.55,27.69,27.47,27.52,10788400,25.29
2013-03-11,27.85,27.86,27.62,27.68,9538400,25.44
2013-03-08,27.22,27.88,27.15,27.71,23089100,25.47
2013-03-07,26.95,27.01,26.69,26.97,16485800,24.79
2013-03-06,27.15,27.35,26.81,27.01,27040600,24.82
2013-03-05,25.39,27.00,25.35,26.68,47455700,24.52
2013-03-04,25.27,25.39,25.16,25.37,13220700,23.32
2013-03-01,25.12,25.59,25.02,25.41,14693600,23.35
2013-02-28,25.12,25.25,25.04,25.14,9339200,23.10
2013-02-27,24.78,25.22,24.76,25.16,20310800,23.12
2013-02-26,24.71,24.79,24.48,24.55,13091800,22.56
2013-02-25,24.80,24.89,24.59,24.60,20449200,22.61
2013-02-22,24.77,25.09,24.77,25.01,21951600,22.98
2013-02-21,24.53,24.64,24.42,24.58,19653900,22.59
2013-02-20,24.97,25.06,24.59,24.69,34565800,22.69
2013-02-19,25.24,25.38,25.16,25.33,21120900,23.28
2013-02-15,26.25,26.27,25.89,25.95,19908600,23.85
2013-02-14,26.04,26.21,26.00,26.05,14382100,23.94
2013-02-13,26.76,26.98,26.63,26.65,14930000,24.49
2013-02-12,27.05,27.28,27.03,27.23,7878500,25.03
2013-02-11,27.42,27.46,27.20,27.20,7678200,25.00
2013-02-08,27.61,27.65,27.45,27.51,10889200,25.28
2013-02-07,27.19,27.23,26.97,27.10,9695600,24.91
2013-02-06,26.80,26.97,26.67,26.89,8678200,24.71
2013-02-05,26.78,27.06,26.77,26.89,7385300,24.71
2013-02-04,26.74,27.08,26.72,26.97,10867200,24.79
2013-02-01,27.39,27.45,27.25,27.30,12196100,25.09
2013-01-31,27.23,27.45,27.21,27.32,8412900,25.11
2013-01-30,27.45,27.50,27.34,27.38,8124600,25.16
2013-01-29,27.23,27.34,27.18,27.31,9086000,25.10
2013-01-28,27.10,27.11,26.92,27.05,13774800,24.86
2013-01-25,26.88,27.07,26.85,27.07,12995400,24.88
2013-01-24,26.50,26.83,26.46,26.78,17989700,24.61
2013-01-23,25.94,26.14,25.89,26.10,11456500,23.99
2013-01-22,25.85,26.00,25.76,25.92,11792100,23.82
2013-01-18,25.78,25.89,25.72,25.86,9536300,23.77
2013-01-17,25.53,25.83,25.48,25.71,9838700,23.63
2013-01-16,25.65,25.68,25.54,25.55,9934600,23.48
2013-01-15,26.09,26.25,26.08,26.17,7564900,24.05
2013-01-14,26.41,26.44,26.17,26.27,10781700,24.14
2013-01-11,26.71,26.74,26.51,26.59,4812000,24.44
2013-01-10,26.50,26.69,26.36,26.65,7940900,24.49
2013-01-09,26.37,26.54,26.34,26.40,8666500,24.26
2013-01-08,26.28,26.33,26.04,26.21,11650200,24.09
2013-01-07,25.79,26.68,25.67,26.54,19294400,24.39
2013-01-04,25.50,25.82,25.48,25.81,8456100,23.72
2013-01-03,25.45,25.52,25.28,25.32,8368400,23.27
2013-01-02,25.76,25.78,25.47,25.65,9986800,23.57
2012-12-31,25.03,25.22,25.00,25.19,7913700,23.15
2012-12-28,25.07,25.24,25.00,25.01,8195000,22.98
2012-12-27,25.21,25.27,25.11,25.21,11182200,23.17
2012-12-26,25.10,25.18,24.96,25.10,6242800,23.07
2012-12-24,25.19,25.31,25.10,25.12,2233100,23.09
2012-12-21,25.13,25.28,25.10,25.13,10289100,23.10
2012-12-20,25.33,25.48,25.27,25.45,8058800,23.39
2012-12-19,25.33,25.54,25.29,25.36,8502100,23.31
2012-12-18,25.38,25.46,25.29,25.38,11900800,23.33
2012-12-17,25.51,25.64,25.51,25.63,10685300,23.55
2012-12-14,25.99,26.05,25.80,25.83,8188300,23.74
2012-12-13,26.15,26.34,25.98,26.13,7805000,24.01
2012-12-12,25.97,26.10,25.89,26.00,7825800,23.89
2012-12-11,25.96,26.04,25.89,25.92,4972300,23.82
2012-12-10,25.96,26.05,25.82,25.87,7329000,23.78
2012-12-07,25.99,26.00,25.82,25.88,9289000,23.78
2012-12-06,26.06,26.09,25.77,25.93,12657700,23.83
2012-12-05,25.59,25.70,25.56,25.67,12993200,23.59
2012-12-04,25.67,25.74,25.59,25.74,7347800,23.66
2012-12-03,25.88,25.91,25.63,25.65,12292100,23.57
2012-11-30,25.82,25.90,25.71,25.80,7929200,23.71
2012-11-29,25.54,25.79,25.49,25.70,8023800,23.62
2012-11-28,25.19,25.34,25.00,25.32,11917900,23.27
2012-11-27,25.12,25.21,25.02,25.04,8895600,23.01
2012-11-26,25.34,25.37,25.19,25.26,4872000,23.21
2012-11-23,25.20,25.50,25.18,25.44,4562900,23.38
2012-11-21,25.41,25.42,25.25,25.36,8839600,23.31
2012-11-20,25.30,25.40,25.18,25.21,8590300,23.17
2012-11-19,25.46,25.59,25.35,25.58,10192000,23.03
2012-11-16,25.29,25.29,24.95,25.27,8942000,22.75
2012-11-15,25.51,25.52,25.17,25.19,12459200,22.68
2012-11-14,25.44,25.64,25.41,25.56,12964600,23.01
2012-11-13,25.52,25.95,25.43,25.69,20766200,23.13
2012-11-12,26.54,26.60,26.39,26.39,4967900,23.76
2012-11-09,26.56,26.78,26.54,26.56,9243400,23.91
2012-11-08,26.90,27.03,26.67,26.69,7504400,24.03
2012-11-07,27.12,27.12,26.80,26.93,8519200,24.25
2012-11-06,27.10,27.16,27.02,27.08,6058200,24.38
2012-11-05,26.73,26.94,26.72,26.91,5896100,24.23
2012-11-02,26.99,27.08,26.91,26.91,12015600,24.23
2012-11-01,27.62,27.64,27.41,27.44,7013300,24.71
2012-10-31,27.70,27.70,27.16,27.23,6914900,24.52
2012-10-26,27.49,27.52,27.28,27.41,6869200,24.68
2012-10-25,27.87,27.91,27.53,27.64,7349800,24.89
2012-10-24,27.84,27.87,27.66,27.73,10225000,24.97
2012-10-23,27.90,28.05,27.85,27.96,8310800,25.17
2012-10-22,28.37,28.51,28.32,28.43,5694100,25.60
2012-10-19,28.53,28.60,28.35,28.38,6790800,25.55
2012-10-18,28.41,28.70,28.36,28.38,13125000,25.55
2012-10-17,28.18,28.38,28.16,28.25,7580100,25.44
2012-10-16,27.92,28.11,27.85,28.09,8544500,25.29
2012-10-15,27.91,28.05,27.81,28.02,6907900,25.23
2012-10-12,28.19,28.25,28.08,28.15,7518400,25.35
2012-10-11,28.78,28.79,28.53,28.54,5302300,25.70
2012-10-10,28.67,28.77,28.50,28.57,4922900,25.72
2012-10-09,28.73,28.80,28.56,28.63,5078900,25.78
2012-10-08,28.97,29.11,28.91,29.03,4338700,26.14
2012-10-05,29.35,29.46,29.10,29.14,4882800,26.24
2012-10-04,28.87,28.92,28.74,28.91,5675200,26.03
2012-10-03,28.52,28.84,28.44,28.69,5834700,25.83
2012-10-02,28.46,28.58,28.39,28.40,5844500,25.57
2012-10-01,28.51,28.65,28.36,28.40,4864900,25.57
2012-09-28,28.56,28.63,28.35,28.50,7026400,25.66
2012-09-27,28.71,28.95,28.59,28.91,5917400,26.03
2012-09-26,28.80,28.87,28.53,28.73,5851700,25.87
2012-09-25,29.09,29.20,28.84,28.85,6054800,25.98
2012-09-24,28.77,28.96,28.74,28.92,4449300,26.04
2012-09-21,28.84,29.03,28.80,28.87,10567600,25.99
2012-09-20,28.39,28.54,28.25,28.53,5968000,25.69
2012-09-19,28.35,28.48,28.25,28.40,6967500,25.57
2012-09-18,28.70,28.72,28.53,28.58,5980000,25.73
2012-09-17,28.26,28.38,28.18,28.25,4105200,25.44
2012-09-14,28.57,28.65,28.40,28.47,6741100,25.63
2012-09-13,28.54,28.88,28.48,28.76,12943600,25.90
2012-09-12,28.18,28.20,27.84,28.18,11291200,25.37
2012-09-11,28.35,28.46,28.29,28.37,6631900,25.54
2012-09-10,28.31,28.39,28.14,28.15,4715500,25.35
2012-09-07,28.59,28.59,28.28,28.29,5574300,25.47
2012-09-06,28.00,28.55,28.00,28.51,8904200,25.67
2012-09-05,28.21,28.28,28.11,28.26,7687000,25.44
2012-09-04,28.47,28.52,28.26,28.44,9600200,25.61
2012-08-31,29.02,29.16,28.86,28.92,5909100,26.04
2012-08-30,29.25,29.28,28.98,29.05,4822200,26.16
2012-08-29,29.25,29.39,29.21,29.24,3965300,26.33
2012-08-28,29.24,29.38,29.22,29.28,4119000,26.36
2012-08-27,29.34,29.40,29.25,29.29,3972800,26.37
2012-08-24,29.19,29.40,29.13,29.27,7035800,26.35
2012-08-23,29.13,29.29,29.08,29.18,4774200,26.27
2012-08-22,29.18,29.28,29.03,29.15,6967000,26.25
2012-08-21,29.34,29.54,29.28,29.38,6514500,26.45
2012-08-20,29.37,29.50,29.29,29.44,4556300,26.51
2012-08-17,29.29,29.31,29.10,29.25,6358000,26.34
2012-08-16,29.35,29.38,29.21,29.27,8371000,26.35
2012-08-15,29.51,29.70,29.47,29.63,7534400,26.68
2012-08-14,29.97,30.00,29.87,29.97,3717800,26.98
2012-08-13,29.88,29.95,29.80,29.90,3592100,26.92
2012-08-10,29.71,30.00,29.67,29.98,5094100,26.99
2012-08-09,29.72,29.76,29.61,29.73,6638400,26.77
2012-08-08,29.77,30.07,29.77,30.07,6307200,27.07
2012-08-07,29.75,29.85,29.60,29.80,5981300,26.83
2012-08-06,29.54,29.84,29.47,29.73,3920300,26.77
2012-08-03,29.45,29.82,29.42,29.71,11073300,26.75
2012-08-02,29.17,29.36,29.10,29.24,10011300,26.33
2012-08-01,29.36,29.57,29.31,29.44,14524600,26.51
2012-07-31,28.88,28.88,28.64,28.75,11679000,25.89
2012-07-30,28.55,28.84,28.53,28.83,8993100,25.96
2012-07-27,28.43,28.77,28.40,28.71,6413000,25.85
2012-07-26,28.35,28.39,28.18,28.36,6006700,25.53
2012-07-25,27.83,27.89,27.54,27.56,9601900,24.81
2012-07-24,27.65,27.69,27.47,27.61,11658600,24.86
2012-07-23,27.76,28.04,27.67,27.97,6852400,25.18
2012-07-20,27.94,28.31,27.91,28.20,12324300,25.39
2012-07-19,28.56,28.94,28.50,28.85,8033500,25.98
2012-07-18,28.81,29.07,28.76,29.04,6632400,26.15
2012-07-17,28.49,28.82,28.48,28.80,7734400,25.93
2012-07-16,28.74,28.87,28.65,28.84,7605800,25.97
2012-07-13,28.39,28.64,28.35,28.59,9401900,25.74
2012-07-12,28.11,28.26,27.95,28.19,7968900,25.38
2012-07-11,28.59,28.78,28.50,28.59,9995200,25.74
2012-07-10,28.23,28.28,28.10,28.15,6697700,25.35
2012-07-09,28.37,28.39,28.11,28.28,5846300,25.46
2012-07-06,28.10,28.15,28.01,28.11,5602000,25.31
2012-07-05,28.32,28.38,28.20,28.31,4629900,25.49
2012-07-03,28.08,28.25,28.07,28.24,5204600,25.43
2012-07-02,27.87,28.29,27.85,28.29,8221100,25.47
2012-06-29,28.15,28.29,28.07,28.18,7794900,25.37
2012-06-28,27.91,28.24,27.82,28.21,7515900,25.40
2012-06-27,28.01,28.27,27.95,28.21,6110300,25.40
2012-06-26,27.92,28.02,27.81,27.98,6463800,25.19
2012-06-25,27.70,27.93,27.54,27.87,6901000,25.09
2012-06-22,27.88,27.89,27.62,27.68,7380800,24.92
2012-06-21,27.85,27.97,27.63,27.63,7622400,24.88
2012-06-20,27.91,28.03,27.79,27.99,9278100,25.20
2012-06-19,27.87,28.18,27.81,28.04,8446400,25.25
2012-06-18,27.27,27.53,27.25,27.41,5510500,24.68
2012-06-15,27.38,27.55,27.20,27.54,10177600,24.80
2012-06-14,27.35,27.46,27.25,27.44,8368200,24.71
2012-06-13,27.27,27.40,27.13,27.20,7518500,24.49
2012-06-12,26.86,27.24,26.82,27.24,12647900,24.53
2012-06-11,26.73,26.75,26.44,26.46,8021000,23.82
2012-06-08,26.31,26.63,26.25,26.58,9125700,23.93
2012-06-07,26.55,26.55,26.24,26.26,10061400,23.64
2012-06-06,26.15,26.33,26.06,26.26,12768400,23.64
2012-06-05,26.75,26.89,26.74,26.84,9859900,23.25
2012-06-04,26.92,26.99,26.72,26.81,9510800,23.23
2012-06-01,26.81,26.90,26.61,26.78,11805100,23.20
2012-05-31,26.82,26.89,26.47,26.79,8567400,23.21
2012-05-30,26.74,26.94,26.70,26.75,13123500,23.17
2012-05-29,26.96,27.19,26.92,27.13,8591000,23.50
2012-05-25,26.83,27.27,26.80,27.18,8294900,23.55
2012-05-24,26.98,27.15,26.86,27.10,8388800,23.48
2012-05-23,26.98,27.00,26.59,26.88,9991200,23.29
2012-05-22,26.94,27.25,26.87,27.11,10093000,23.49
2012-05-21,26.15,26.30,26.11,26.29,6722200,22.78
2012-05-18,26.19,26.27,26.00,26.10,10167900,22.61
2012-05-17,26.21,26.42,26.10,26.18,13064500,22.68
2012-05-16,26.95,27.05,26.77,26.78,10351200,23.20
2012-05-15,27.34,27.49,27.20,27.32,6507400,23.67
2012-05-14,27.34,27.48,27.20,27.38,6624100,23.72
2012-05-11,27.41,27.80,27.40,27.60,6679800,23.91
2012-05-10,27.79,27.88,27.70,27.82,6033500,24.10
2012-05-09,27.55,27.78,27.38,27.57,9613000,23.88
2012-05-08,28.02,28.03,27.76,27.96,8966500,24.22
2012-05-07,27.68,28.08,27.67,27.99,5826600,24.25
2012-05-04,27.93,27.95,27.71,27.79,5595400,24.08
2012-05-03,28.20,28.26,27.97,28.04,5690400,24.29
2012-05-02,27.73,28.06,27.68,28.06,6493900,24.31
2012-05-01,27.95,28.20,27.94,28.02,5899700,24.27
2012-04-30,27.68,27.84,27.65,27.82,7635000,24.10
2012-04-27,27.90,28.00,27.75,27.93,6175100,24.20
2012-04-26,27.74,28.09,27.68,28.04,5538500,24.29
2012-04-25,27.68,27.79,27.62,27.78,6052600,24.07
2012-04-24,27.70,27.85,27.62,27.76,5283700,24.05
2012-04-23,27.86,27.87,27.58,27.70,7204900,24.00
2012-04-20,27.88,27.93,27.68,27.69,6654800,23.99
2012-04-19,27.79,27.87,27.56,27.70,8057300,24.00
2012-04-18,27.35,27.44,27.25,27.35,4359900,23.69
2012-04-17,27.51,27.66,27.46,27.57,5618800,23.88
2012-04-16,27.34,27.36,27.06,27.24,5472100,23.60
2012-04-13,26.97,27.04,26.83,26.95,6300500,23.35
2012-04-12,27.00,27.36,26.97,27.20,6110500,23.56
2012-04-11,27.14,27.26,27.06,27.13,8390100,23.50
2012-04-10,27.26,27.37,26.87,26.95,8481700,23.35
2012-04-09,27.19,27.39,27.10,27.29,3723800,23.64
2012-04-05,27.21,27.40,27.20,27.36,5771500,23.70
2012-04-04,27.56,27.72,27.32,27.55,7805700,23.87
2012-04-03,28.21,28.21,28.00,28.11,6697500,24.35
2012-04-02,27.73,28.39,27.73,28.31,7720600,24.53
2012-03-30,27.79,27.83,27.58,27.67,7155700,23.97
2012-03-29,27.61,28.03,27.61,28.01,9501400,24.27
2012-03-28,27.91,27.93,27.56,27.78,9602800,24.07
2012-03-27,27.89,27.97,27.78,27.85,6004500,24.13
2012-03-26,27.87,27.96,27.77,27.96,4888100,24.22
2012-03-23,27.71,27.73,27.51,27.65,5537300,23.95
2012-03-22,27.35,27.76,27.33,27.74,11663800,24.03
2012-03-21,27.44,27.49,27.22,27.35,9119300,23.69
2012-03-20,26.97,27.39,26.90,27.36,14209000,23.70
2012-03-19,26.60,26.79,26.42,26.65,6725200,23.09
2012-03-16,26.38,26.48,26.26,26.41,8110600,22.88
2012-03-15,26.11,26.31,26.00,26.29,8505200,22.78
2012-03-14,26.69,26.72,26.13,26.26,12388300,22.75
2012-03-13,26.76,27.06,26.73,27.06,6168700,23.44
2012-03-12,26.71,26.82,26.55,26.79,4581000,23.21
2012-03-09,26.65,26.68,26.51,26.58,13279000,23.03
2012-03-08,26.97,27.08,26.89,27.00,5640800,23.39
2012-03-07,26.77,26.90,26.72,26.85,4321000,23.26
2012-03-06,26.90,26.94,26.76,26.83,6901900,23.24
2012-03-05,27.15,27.25,27.10,27.15,5471900,23.52
2012-03-02,27.19,27.22,27.10,27.18,5890200,23.55
2012-03-01,27.36,27.51,27.34,27.45,9034400,23.78
2012-02-29,27.24,27.32,27.04,27.09,9778700,23.47
2012-02-28,27.54,27.58,27.41,27.53,5905900,23.85
2012-02-27,27.32,27.40,27.25,27.32,4790100,23.67
2012-02-24,27.29,27.42,27.26,27.31,8667300,23.66
2012-02-23,27.27,27.42,27.20,27.38,6858300,23.72
2012-02-22,27.28,27.45,27.28,27.42,7688200,23.75
2012-02-21,27.91,27.95,27.76,27.84,4632300,24.12
2012-02-17,27.59,27.86,27.56,27.79,6362500,24.08
2012-02-16,27.41,27.60,27.28,27.57,9047700,23.88
2012-02-15,27.52,27.54,27.22,27.30,6366700,23.65
2012-02-14,27.33,27.44,27.21,27.44,10138300,23.77
2012-02-13,27.55,27.64,27.44,27.53,5620400,23.85
2012-02-10,27.41,27.43,27.31,27.40,7979000,23.74
2012-02-09,27.74,27.83,27.54,27.77,6482200,24.06
2012-02-08,27.60,27.71,27.51,27.64,7211100,23.95
2012-02-07,27.87,28.01,27.76,27.94,10472200,24.21
2012-02-06,28.04,28.28,28.00,28.24,9142000,24.47
2012-02-03,27.66,27.92,27.62,27.87,8561800,24.14
2012-02-02,27.29,27.30,27.12,27.23,7172700,23.59
2012-02-01,27.08,27.20,27.05,27.08,8981600,23.46
2012-01-31,27.25,27.30,27.00,27.08,7644200,23.46
2012-01-30,27.20,27.20,27.01,27.20,5709800,23.56
2012-01-27,27.16,27.24,27.04,27.14,7283200,23.51
2012-01-26,27.32,27.55,27.26,27.35,9710100,23.69
2012-01-25,27.29,27.66,27.18,27.60,12775200,23.91
2012-01-24,27.40,27.66,27.37,27.66,7569100,23.96
2012-01-23,27.87,28.08,27.83,27.86,7156400,24.14
2012-01-20,27.72,27.78,27.55,27.76,9228500,24.05
2012-01-19,26.88,27.21,26.83,27.19,8445800,23.56
2012-01-18,27.03,27.26,26.98,27.23,6933200,23.59
2012-01-17,26.99,27.12,26.88,26.93,7908600,23.33
2012-01-13,26.86,26.91,26.59,26.88,20998700,23.29
2012-01-12,27.66,27.84,27.56,27.81,5934100,24.09
2012-01-11,27.62,27.74,27.51,27.72,7241000,24.01
2012-01-10,27.78,27.90,27.75,27.81,9142900,24.09
2012-01-09,27.55,27.70,27.37,27.66,10998300,23.96
2012-01-06,28.02,28.04,27.61,27.85,8134600,24.13
2012-01-05,27.30,27.76,27.29,27.76,12700000,24.05
2012-01-04,28.29,28.32,28.11,28.14,6672500,24.38
2012-01-03,28.15,28.37,28.11,28.25,9461000,24.47
2011-12-30,27.83,28.11,27.76,28.03,5508900,24.28
2011-12-29,27.59,27.77,27.50,27.74,4247000,24.03
2011-12-28,27.72,27.72,27.37,27.41,8353600,23.75
2011-12-27,27.78,27.97,27.77,27.85,2956200,24.13
2011-12-23,27.59,27.84,27.45,27.72,3672400,24.01
2011-12-22,27.16,27.41,27.11,27.36,8420300,23.70
2011-12-21,27.27,27.36,27.10,27.26,7288800,23.62
2011-12-20,27.21,27.44,27.21,27.39,5318000,23.73
2011-12-19,27.12,27.23,26.93,26.98,5993700,23.37
2011-12-16,27.57,27.61,27.01,27.17,8563700,23.54
2011-12-15,27.29,27.37,27.11,27.24,6800700,23.60
2011-12-14,27.32,27.42,26.96,27.04,7456100,23.43
2011-12-13,27.53,27.82,27.26,27.37,8577800,23.71
2011-12-12,27.42,27.43,27.03,27.17,5724300,23.54
2011-12-09,27.13,27.39,27.11,27.28,6621000,23.63
2011-12-08,27.30,27.34,26.89,26.93,7114200,23.33
2011-12-07,27.13,27.28,26.82,27.20,8736800,23.56
2011-12-06,27.16,27.51,27.16,27.36,7021300,23.70
2011-12-05,27.33,27.36,27.02,27.11,7134000,23.49
2011-12-02,27.07,27.12,26.78,26.80,6730000,23.22
2011-12-01,27.43,27.53,27.15,27.20,7814700,23.56
2011-11-30,26.96,27.23,26.86,27.15,7414000,23.52
2011-11-29,26.50,26.67,26.39,26.44,6719300,22.91
2011-11-28,26.43,26.45,26.01,26.14,7353300,22.65
2011-11-25,25.67,26.07,25.63,25.63,4569200,22.20
2011-11-23,26.27,26.28,25.86,25.87,8929500,22.41
2011-11-22,26.46,26.63,26.31,26.41,9055900,22.88
2011-11-21,26.50,26.68,26.39,26.59,8080100,23.04
2011-11-18,27.19,27.23,26.89,26.96,8210100,23.36
2011-11-17,27.50,27.59,27.18,27.31,10768700,23.66
2011-11-16,27.48,27.61,27.27,27.29,9959500,23.64
2011-11-15,28.80,28.96,28.64,28.72,12607500,23.91
2011-11-14,29.01,29.28,28.91,29.07,10203900,24.20
2011-11-11,28.69,29.05,28.63,28.89,6969900,24.05
2011-11-10,28.55,28.60,28.19,28.39,9266700,23.63
2011-11-09,28.18,28.30,27.83,27.94,8829900,23.26
2011-11-08,28.64,28.71,28.30,28.63,9341200,23.83
2011-11-07,27.77,28.25,27.67,28.21,8062500,23.48
2011-11-04,27.84,28.00,27.64,27.92,5504700,23.24
2011-11-03,27.88,28.13,27.67,28.06,10373600,23.36
2011-11-02,27.47,27.89,27.44,27.80,7853500,23.14
2011-11-01,27.15,27.63,27.09,27.40,10296200,22.81
2011-10-31,28.36,28.41,27.84,27.84,7081900,23.18
2011-10-28,28.15,28.29,28.01,28.19,7522300,23.47
2011-10-27,28.52,28.79,28.25,28.66,7480700,23.86
2011-10-26,28.36,28.40,27.92,28.32,9152200,23.58
2011-10-25,27.96,28.08,27.75,27.87,7172000,23.20
2011-10-24,27.89,28.23,27.85,28.21,6125800,23.48
2011-10-21,27.95,28.11,27.88,28.01,7668700,23.32
2011-10-20,27.69,27.73,27.31,27.64,9753900,23.01
2011-10-19,27.39,27.56,27.14,27.26,6547800,22.69
2011-10-18,27.07,27.54,26.91,27.42,8339000,22.83
2011-10-17,27.34,27.49,27.24,27.30,6154800,22.73
2011-10-14,27.65,27.65,27.36,27.60,4993600,22.98
2011-10-13,27.11,27.48,27.00,27.48,6076500,22.88
2011-10-12,26.97,27.28,26.95,27.06,6459900,22.53
2011-10-11,26.71,26.98,26.62,26.90,6378300,22.39
2011-10-10,26.86,27.22,26.78,27.22,7493700,22.66
2011-10-07,26.70,26.74,26.22,26.25,9572400,21.85
2011-10-06,26.03,26.59,25.82,26.57,10918600,22.12
2011-10-05,26.10,26.33,25.88,26.32,12239700,21.91
2011-10-04,25.86,26.01,25.42,26.00,17761300,21.64
2011-10-03,25.90,26.22,25.70,25.70,13110100,21.39
2011-09-30,25.89,25.99,25.64,25.66,11354300,21.36
2011-09-29,26.35,26.49,25.78,26.13,8912700,21.75
2011-09-28,26.17,26.32,25.65,25.73,10033200,21.42
2011-09-27,25.97,26.19,25.74,25.86,10913300,21.53
2011-09-26,25.47,25.53,25.07,25.41,12579600,21.15
2011-09-23,25.10,25.21,24.83,25.08,11135900,20.88
2011-09-22,24.59,24.78,24.31,24.58,16043400,20.46
2011-09-21,25.58,25.88,25.12,25.14,10335700,20.93
2011-09-20,25.82,26.10,25.58,25.89,5861700,21.55
2011-09-19,25.42,25.76,25.35,25.64,8339800,21.34
2011-09-16,26.01,26.22,25.89,26.13,8087400,21.75
2011-09-15,26.03,26.14,25.88,26.11,6469600,21.74
2011-09-14,25.90,26.08,25.48,25.93,6509100,21.59
2011-09-13,25.51,25.65,25.28,25.59,5831200,21.30
2011-09-12,25.17,25.46,24.91,25.39,9709100,21.14
2011-09-09,25.85,26.06,25.66,25.77,11345100,21.45
2011-09-08,26.03,26.42,26.00,26.03,6046000,21.67
2011-09-07,26.13,26.23,25.98,26.23,5753100,21.84
2011-09-06,25.55,25.92,25.48,25.89,10088900,21.55
2011-09-02,26.43,26.54,26.25,26.32,6269800,21.91
2011-09-01,26.72,26.88,26.42,26.44,9276800,22.01
2011-08-31,26.50,26.84,26.13,26.34,13042300,21.93
2011-08-30,26.31,26.71,26.22,26.58,9043100,22.13
2011-08-29,26.79,26.85,26.64,26.78,9644200,22.29
2011-08-26,26.07,26.73,25.90,26.41,10989100,21.99
2011-08-25,26.96,27.11,26.46,26.53,12381700,22.09
2011-08-24,27.54,27.89,27.29,27.75,10654000,23.10
2011-08-23,26.97,27.62,26.79,27.56,11569500,22.94
2011-08-22,27.67,27.70,26.68,26.73,10889500,22.25
2011-08-19,26.30,26.94,26.14,26.23,12973700,21.84
2011-08-18,27.04,27.14,26.51,26.90,16645100,22.39
2011-08-17,27.80,28.09,27.61,27.86,6635000,23.19
2011-08-16,27.56,27.93,27.42,27.66,9038400,23.03
2011-08-15,27.40,27.70,27.33,27.68,7166800,23.04
2011-08-12,26.96,27.19,26.67,27.08,12952300,22.54
2011-08-11,25.59,26.68,25.50,26.45,17515400,22.02
2011-08-10,25.61,25.79,25.03,25.11,21001900,20.90
2011-08-09,26.09,26.60,25.50,26.57,22322400,22.12
2011-08-08,26.86,27.22,25.89,25.89,25055000,21.55
2011-08-05,27.14,27.62,26.78,27.32,28052100,22.74
2011-08-04,28.12,28.75,27.20,27.21,19673400,22.65
2011-08-03,28.27,28.29,27.80,28.21,16239200,23.48
2011-08-02,27.57,27.74,27.47,27.49,9447000,22.88
2011-08-01,28.12,28.16,27.48,27.79,11218400,23.13
2011-07-29,28.10,28.56,27.84,28.10,17620500,23.39
2011-07-28,26.95,27.14,26.79,26.85,7230100,22.35
2011-07-27,27.02,27.03,26.62,26.65,5815400,22.19
2011-07-26,27.03,27.13,26.96,27.06,7178500,22.53
2011-07-25,26.49,26.58,26.37,26.43,5211400,22.00
2011-07-22,26.89,27.06,26.72,27.02,7031500,22.49
2011-07-21,26.26,26.49,26.05,26.44,5976200,22.01
2011-07-20,26.00,26.14,25.77,26.04,5049800,21.68
2011-07-19,25.56,25.88,25.56,25.86,6769900,21.53
2011-07-18,25.58,25.60,25.25,25.45,5280800,21.19
2011-07-15,25.78,25.90,25.66,25.77,5163600,21.45
2011-07-14,26.08,26.21,25.72,25.78,7379400,21.46
2011-07-13,25.77,26.22,25.76,26.04,7965500,21.68
2011-07-12,26.03,26.13,25.89,25.90,7443900,21.56
2011-07-11,26.21,26.31,26.04,26.19,7538200,21.80
2011-07-08,26.72,26.85,26.56,26.75,4809100,22.27
2011-07-07,26.60,26.93,26.60,26.84,9391300,22.34
2011-07-06,26.44,26.69,26.37,26.58,9783100,22.13
2011-07-05,26.83,27.01,26.76,26.84,7853700,22.34
2011-07-01,26.42,26.96,26.40,26.90,8866000,22.39
2011-06-30,26.37,26.81,26.35,26.72,10119000,22.24
2011-06-29,26.62,26.78,26.45,26.76,5185600,22.28
2011-06-28,26.21,26.32,26.01,26.14,8373000,21.76
2011-06-27,26.09,26.56,26.07,26.46,6561400,22.03
2011-06-24,26.31,26.50,26.09,26.20,8163000,21.81
2011-06-23,26.19,26.54,26.06,26.53,10533000,22.09
2011-06-22,26.62,26.73,26.51,26.53,5871000,22.09
2011-06-21,26.43,26.83,26.36,26.76,5715300,22.28
2011-06-20,26.29,26.53,26.25,26.43,5144300,22.00
2011-06-17,26.03,26.05,25.78,25.90,7524500,21.56
2011-06-16,25.84,25.95,25.73,25.88,6490400,21.54
2011-06-15,26.01,26.12,25.67,25.75,8538500,21.44
2011-06-14,26.47,26.66,26.37,26.41,4565100,21.99
2011-06-13,26.38,26.39,26.07,26.27,6078500,21.87
2011-06-10,26.19,26.24,25.73,25.78,10452800,21.46
2011-06-09,26.48,26.67,26.40,26.53,4179100,22.09
2011-06-08,26.72,26.77,26.52,26.55,4748700,22.10
2011-06-07,26.97,27.14,26.86,26.97,3994900,22.45
2011-06-06,26.83,26.95,26.63,26.67,4707700,22.20
2011-06-03,26.74,27.08,26.69,26.89,6495000,22.38
2011-06-02,26.45,26.65,26.35,26.54,8703400,22.09
2011-06-01,26.87,26.89,26.45,26.46,8800500,22.03
2011-05-31,28.07,28.14,27.85,28.03,9409000,22.52
2011-05-27,28.02,28.16,28.00,28.10,4955200,22.57
2011-05-26,27.41,27.76,27.36,27.74,5588500,22.29
2011-05-25,27.50,27.71,27.47,27.62,4180900,22.19
2011-05-24,27.73,27.79,27.51,27.55,7661600,22.13
2011-05-23,27.87,27.97,27.68,27.81,5101200,22.34
2011-05-20,28.46,28.59,28.24,28.42,5185200,22.83
2011-05-19,28.15,28.36,28.04,28.31,4742700,22.74
2011-05-18,27.91,27.94,27.77,27.82,4530000,22.35
2011-05-17,27.71,27.97,27.60,27.90,11744100,22.41
2011-05-16,27.24,27.49,27.12,27.18,6061400,21.84
2011-05-13,27.67,27.77,27.16,27.34,4276100,21.96
2011-05-12,27.30,27.72,27.22,27.66,5689800,22.22
2011-05-11,28.10,28.11,27.60,27.73,5792600,22.28
2011-05-10,27.89,28.00,27.75,27.94,5219900,22.45
2011-05-09,27.82,28.31,27.73,28.19,5879000,22.65
2011-05-06,27.67,27.82,27.46,27.55,10985500,22.13
2011-05-05,27.99,28.16,27.76,27.93,7269000,22.44
2011-05-04,28.43,28.51,28.13,28.20,7527300,22.65
2011-05-03,28.23,28.67,28.21,28.32,6773400,22.75
2011-05-02,29.24,29.27,28.76,28.83,5330900,23.16
2011-04-29,28.96,29.28,28.85,29.12,8286800,23.39
2011-04-28,28.61,28.95,28.59,28.93,6186500,23.24
2011-04-27,28.90,29.07,28.76,29.06,5147400,23.35
2011-04-26,28.61,28.70,28.51,28.66,4610700,23.02
2011-04-25,28.37,28.44,28.13,28.33,4404200,22.76
2011-04-21,28.27,28.42,28.06,28.32,11431600,22.75
2011-04-20,29.22,29.34,29.05,29.27,4226100,23.51
2011-04-19,28.57,28.75,28.50,28.74,3960900,23.09
2011-04-18,28.93,28.95,28.36,28.66,6121500,23.02
2011-04-15,29.25,29.41,28.99,29.39,9456600,23.61
2011-04-14,28.97,29.06,28.81,28.91,3848000,23.23
2011-04-13,28.90,29.13,28.70,28.84,4069900,23.17
2011-04-12,28.92,28.92,28.63,28.76,6176300,23.10
2011-04-11,29.23,29.40,29.05,29.12,5036100,23.39
2011-04-08,29.19,29.26,28.96,29.08,4711500,23.36
2011-04-07,29.35,29.46,29.11,29.32,5733400,23.55
2011-04-06,29.00,29.31,28.98,29.30,7654400,23.54
2011-04-05,28.93,29.00,28.73,28.93,9382600,23.24
2011-04-04,29.27,29.30,28.85,29.07,7750300,23.35
2011-04-01,28.55,29.19,28.52,29.08,7009100,23.36
2011-03-31,28.72,28.83,28.51,28.75,7983600,23.10
2011-03-30,28.93,29.26,28.93,29.20,6467700,23.46
2011-03-29,28.66,29.25,28.57,29.22,5634400,23.47
2011-03-28,28.49,28.81,28.41,28.68,6558900,23.04
2011-03-25,28.63,28.82,28.42,28.43,4713900,22.84
2011-03-24,28.41,28.66,28.34,28.62,5776700,22.99
2011-03-23,28.33,28.76,28.21,28.58,5712700,22.96
2011-03-22,28.82,28.90,28.59,28.80,6558300,23.14
2011-03-21,28.93,28.94,28.65,28.80,8516300,23.14
2011-03-18,27.58,27.83,27.44,27.76,9121200,22.30
2011-03-17,27.87,27.97,27.63,27.65,8430900,22.21
2011-03-16,27.41,27.53,26.71,26.78,14308500,21.51
2011-03-15,27.23,27.96,27.21,27.81,9642400,22.34
2011-03-14,28.45,28.58,28.15,28.55,7155700,22.94
2011-03-11,28.76,28.90,28.65,28.88,6942200,23.20
2011-03-10,29.18,29.21,28.47,28.73,8527400,23.08
2011-03-09,29.43,29.56,29.29,29.45,7180000,23.66
2011-03-08,29.51,29.62,29.27,29.41,9242500,23.63
2011-03-07,29.36,29.45,29.03,29.09,12907500,23.37
2011-03-04,29.61,29.67,28.90,29.05,7739400,23.34
2011-03-03,29.43,29.60,29.42,29.58,5513600,23.76
2011-03-02,28.71,29.07,28.67,28.78,5086200,23.12
2011-03-01,29.07,29.10,28.35,28.43,6251800,22.84
2011-02-28,28.68,28.78,28.50,28.62,3402800,22.99
2011-02-25,28.17,28.42,28.09,28.35,3739600,22.78
2011-02-24,28.38,28.40,27.90,28.18,6547700,22.64
2011-02-23,28.71,28.93,28.44,28.53,11146600,22.92
2011-02-22,29.05,29.28,28.67,28.76,10802800,23.10
2011-02-18,29.70,29.75,29.46,29.67,4129700,23.84
2011-02-17,29.48,29.60,29.36,29.40,4649800,23.62
2011-02-16,29.37,29.69,29.32,29.63,6189100,23.80
2011-02-15,29.18,29.32,29.04,29.19,3984300,23.45
2011-02-14,29.01,29.14,28.90,29.03,4237800,23.32
2011-02-11,28.87,29.21,28.82,29.21,4436500,23.47
2011-02-10,29.01,29.39,28.94,29.35,5124600,23.58
2011-02-09,29.11,29.27,29.08,29.17,4510000,23.43
2011-02-08,28.75,29.20,28.70,29.16,4136300,23.43
2011-02-07,28.76,28.95,28.69,28.80,5623700,23.14
2011-02-04,29.02,29.20,28.88,29.19,6257700,23.45
2011-02-03,28.66,28.92,28.47,28.90,7384900,23.22
2011-02-02,28.85,29.04,28.52,28.75,5877300,23.10
2011-02-01,28.69,29.00,28.63,28.95,6948000,23.26
2011-01-31,28.44,28.54,28.21,28.36,6493800,22.78
2011-01-28,28.46,28.62,28.09,28.24,9410400,22.69
2011-01-27,28.91,28.95,28.68,28.88,6367500,23.20
2011-01-26,29.10,29.13,28.82,29.04,9952600,23.33
2011-01-25,28.29,28.85,28.28,28.84,10644700,23.17
2011-01-24,28.57,28.88,28.54,28.77,6141300,23.11
2011-01-21,28.25,28.40,28.18,28.27,6152700,22.71
2011-01-20,27.87,28.13,27.61,28.02,12790500,22.51
2011-01-19,28.64,28.75,28.30,28.37,8025500,22.79
2011-01-18,28.99,29.01,28.68,28.75,13636300,23.10
2011-01-14,27.39,27.63,27.34,27.51,5695900,22.10
2011-01-13,27.42,27.59,27.25,27.36,4976100,21.98
2011-01-12,27.02,27.24,26.89,27.19,8554100,21.84
2011-01-11,27.64,27.66,27.24,27.34,6334200,21.96
2011-01-10,27.45,27.88,27.41,27.70,8951300,22.25
2011-01-07,27.32,27.62,27.24,27.53,9958400,22.12
2011-01-06,27.73,27.78,27.24,27.56,8433900,22.14
2011-01-05,26.83,27.60,26.83,27.50,9111900,22.09
2011-01-04,26.86,26.90,26.58,26.80,6582900,21.53
2011-01-03,26.43,26.63,26.34,26.41,6623000,21.22
2010-12-31,26.10,26.60,26.09,26.44,5044300,21.24
2010-12-30,25.93,26.11,25.76,26.04,6567600,20.92
2010-12-29,26.20,26.39,26.17,26.32,6323600,21.14
2010-12-28,26.61,26.68,26.40,26.52,2606100,21.30
2010-12-27,26.64,26.68,26.31,26.61,2462000,21.38
2010-12-23,26.48,26.75,26.45,26.64,3643900,21.40
2010-12-22,26.21,26.41,26.14,26.38,4111100,21.19
2010-12-21,26.50,26.53,26.33,26.48,5338700,21.27
2010-12-20,26.61,26.70,26.44,26.57,5642500,21.35
2010-12-17,26.43,26.79,26.39,26.69,9331700,21.44
2010-12-16,26.25,26.67,26.14,26.57,6910700,21.35
2010-12-15,26.40,26.62,26.31,26.44,4876200,21.24
2010-12-14,26.72,27.10,26.68,26.97,5401400,21.67
2010-12-13,26.57,27.04,26.52,26.82,8925800,21.55
2010-12-10,26.05,26.49,26.00,26.39,6114000,21.20
2010-12-09,26.17,26.20,25.81,25.93,4090700,20.83
2010-12-08,26.02,26.12,25.89,25.98,3255200,20.87
2010-12-07,26.35,26.37,26.09,26.09,5209600,20.96
2010-12-06,26.06,26.17,25.88,26.15,7059500,21.01
2010-12-03,25.81,26.01,25.79,25.95,6128600,20.85
2010-12-02,25.65,25.92,25.62,25.91,6976900,20.81
2010-12-01,25.78,25.95,25.64,25.87,8136900,20.78
2010-11-30,24.90,25.34,24.87,25.06,9978400,20.13
2010-11-29,25.37,25.45,24.84,25.34,11530600,20.36
2010-11-26,25.90,26.03,25.79,25.93,1925400,20.83
2010-11-24,25.91,26.21,25.91,26.13,6101300,20.99
2010-11-23,26.35,26.37,25.87,25.98,7410500,20.87
2010-11-22,26.59,26.82,26.39,26.71,4369700,21.46
2010-11-19,26.76,26.97,26.65,26.94,4553400,21.64
2010-11-18,26.93,27.10,26.87,26.90,4691300,21.61
2010-11-17,26.52,26.78,26.46,26.51,8142800,21.30
2010-11-16,27.62,27.67,27.10,27.20,7019900,21.48
2010-11-15,28.12,28.24,27.86,27.87,5680200,22.01
2010-11-12,28.03,28.29,27.86,28.00,9314500,22.11
2010-11-11,27.83,28.08,27.68,28.00,6091600,22.11
2010-11-10,28.01,28.12,27.75,28.01,7392800,22.12
2010-11-09,28.16,28.20,27.87,27.91,9528700,22.04
2010-11-08,28.07,28.43,28.05,28.40,5736800,22.43
2010-11-05,28.19,28.46,28.11,28.46,8849600,22.47
2010-11-04,28.39,28.52,28.16,28.51,6547100,22.51
2010-11-03,28.10,28.26,27.83,28.12,11282500,22.20
2010-11-02,27.83,28.04,27.49,27.60,8500400,21.79
2010-11-01,27.35,27.58,27.34,27.50,14048500,21.72
2010-10-29,27.15,27.68,27.12,27.51,9252000,21.72
2010-10-28,27.42,27.49,27.17,27.42,12250900,21.65
2010-10-27,26.41,26.51,26.25,26.49,8898400,20.92
2010-10-26,26.36,26.79,26.30,26.76,10128800,21.13
2010-10-25,26.40,26.43,26.16,26.30,8150700,20.77
2010-10-22,26.33,26.45,26.20,26.42,3988500,20.86
2010-10-21,26.45,26.62,26.17,26.39,8717200,20.84
2010-10-20,26.44,26.99,26.41,26.87,5896000,21.22
2010-10-19,26.27,26.40,26.07,26.31,9059800,20.78
2010-10-18,26.80,27.07,26.75,27.00,4825200,21.32
2010-10-15,27.00,27.03,26.70,26.92,5920300,21.26
2010-10-14,26.46,26.84,26.41,26.76,7864600,21.13
2010-10-13,26.11,26.30,25.97,26.24,7815600,20.72
2010-10-12,25.88,25.89,25.62,25.85,5819300,20.41
2010-10-11,25.89,26.09,25.87,25.97,3678100,20.51
2010-10-08,25.81,25.95,25.64,25.88,4492300,20.44
2010-10-07,26.06,26.07,25.67,25.84,7138100,20.40
2010-10-06,25.87,26.01,25.78,25.92,6111000,20.47
2010-10-05,25.48,25.85,25.40,25.72,6795500,20.31
2010-10-04,25.46,25.59,25.22,25.38,5561000,20.04
2010-10-01,25.16,25.44,25.07,25.30,8106700,19.98
2010-09-30,25.19,25.35,24.74,24.81,8022400,19.59
2010-09-29,25.18,25.28,25.06,25.19,4774500,19.89
2010-09-28,25.09,25.35,24.87,25.30,6442000,19.98
2010-09-27,25.44,25.50,25.27,25.36,5820700,20.03
2010-09-24,25.53,25.70,25.50,25.69,5987100,20.29
2010-09-23,25.37,25.59,25.31,25.41,5378000,20.07
2010-09-22,25.54,25.80,25.46,25.62,6996200,20.23
2010-09-21,25.66,25.80,25.46,25.70,6103800,20.29
2010-09-20,25.44,25.80,25.37,25.77,4828500,20.35
2010-09-17,25.27,25.32,25.13,25.28,7352500,19.96
2010-09-16,24.96,25.22,24.94,25.20,5692600,19.90
2010-09-15,25.05,25.33,24.92,25.28,4782900,19.96
2010-09-14,24.65,25.13,24.59,25.05,4361700,19.78
2010-09-13,24.65,24.87,24.65,24.84,4668200,19.61
2010-09-10,24.74,24.84,24.68,24.78,4678200,19.57
2010-09-09,24.73,24.90,24.53,24.81,6115600,19.59
2010-09-08,24.74,24.92,24.71,24.76,4073900,19.55
2010-09-07,24.46,24.64,24.36,24.46,5141400,19.31
2010-09-03,24.57,24.84,24.49,24.84,6550300,19.61
2010-09-02,24.28,24.36,24.23,24.35,3737600,19.23
2010-09-01,24.49,24.64,24.23,24.28,11467900,19.17
2010-08-31,23.89,24.34,23.77,24.20,11512300,19.11
2010-08-30,23.87,24.01,23.60,23.60,3882100,18.64
2010-08-27,23.76,24.02,23.41,23.90,6168800,18.87
2010-08-26,23.33,23.49,23.06,23.06,7877300,18.21
2010-08-25,23.02,23.24,22.95,23.17,5898000,18.30
2010-08-24,23.20,23.35,23.05,23.25,6906800,18.36
2010-08-23,23.62,23.77,23.53,23.55,4765800,18.60
2010-08-20,23.41,23.60,23.30,23.55,6993100,18.60
2010-08-19,24.06,24.09,23.54,23.65,5931700,18.68
2010-08-18,24.17,24.18,23.95,24.09,5548200,19.02
2010-08-17,23.89,24.19,23.83,24.06,6807100,19.00
2010-08-16,23.88,24.29,23.81,24.13,4238300,19.05
2010-08-13,23.86,24.12,23.82,23.95,3889800,18.91
2010-08-12,23.73,23.98,23.72,23.90,8495900,18.87
2010-08-11,23.80,23.80,23.60,23.72,7638300,18.73
2010-08-10,24.40,24.69,24.27,24.56,6986900,19.39
2010-08-09,24.74,24.85,24.68,24.73,4889200,19.53
2010-08-06,24.21,24.81,24.19,24.75,10787100,19.54
2010-08-05,23.93,24.03,23.82,24.03,3895600,18.98
2010-08-04,23.81,24.00,23.74,23.99,4108200,18.94
2010-08-03,23.74,23.77,23.54,23.77,4445300,18.77
2010-08-02,23.95,24.10,23.81,23.95,5696000,18.91
2010-07-30,23.29,23.68,23.25,23.48,4317400,18.54
2010-07-29,23.59,23.75,23.21,23.51,6005000,18.56
2010-07-28,23.30,23.41,23.13,23.17,5076600,18.30
2010-07-27,23.58,23.61,23.26,23.57,5594200,18.61
2010-07-26,23.56,23.63,23.39,23.50,6029500,18.56
2010-07-23,23.21,23.33,23.02,23.24,10136700,18.35
2010-07-22,22.68,22.88,22.64,22.78,6900000,17.99
2010-07-21,22.46,22.48,22.19,22.22,8228100,17.55
2010-07-20,21.65,22.22,21.61,22.17,6109900,17.51
2010-07-19,22.17,22.28,21.93,22.22,3887200,17.55
2010-07-16,22.51,22.52,21.99,22.10,7913200,17.45
2010-07-15,22.51,22.61,22.27,22.56,7598600,17.81
2010-07-14,22.25,22.45,22.14,22.37,7167700,17.66
2010-07-13,22.20,22.41,22.15,22.32,8115200,17.63
2010-07-12,21.55,21.82,21.53,21.74,4337200,17.17
2010-07-09,21.80,21.86,21.67,21.85,3980800,17.25
2010-07-08,21.83,21.92,21.65,21.92,4577700,17.31
2010-07-07,21.29,21.80,21.26,21.79,7108100,17.21
2010-07-06,21.23,21.45,21.09,21.13,9491700,16.69
2010-07-02,20.85,21.06,20.71,20.97,7007300,16.56
2010-07-01,20.81,21.19,20.72,21.14,11156100,16.69
2010-06-30,21.03,21.08,20.64,20.67,12954200,16.32
2010-06-29,21.68,21.70,21.30,21.40,11389800,16.90
2010-06-28,21.86,22.17,21.77,22.02,7204800,17.39
2010-06-25,21.83,21.88,21.54,21.66,17668100,17.10
2010-06-24,21.64,21.77,21.29,21.59,16294900,17.05
2010-06-23,21.20,21.44,21.02,21.35,11385700,16.86
2010-06-22,21.22,21.60,20.99,21.03,7361000,16.61
2010-06-21,21.54,21.56,21.20,21.26,7137800,16.79
2010-06-18,21.35,21.41,21.22,21.24,5617200,16.77
2010-06-17,21.08,21.18,20.94,21.16,7602600,16.71
2010-06-16,20.89,21.14,20.81,21.08,8127700,16.65
2010-06-15,21.17,21.29,21.08,21.22,7374500,16.76
2010-06-14,20.91,21.10,20.75,20.76,6887700,16.39
2010-06-11,20.38,20.64,20.35,20.63,5678100,16.29
2010-06-10,20.34,20.65,20.30,20.62,8720500,16.28
2010-06-09,19.98,20.19,19.79,19.83,9398400,15.66
2010-06-08,19.57,19.69,19.35,19.65,8108300,15.52
2010-06-07,20.06,20.13,19.75,19.78,9624100,15.62
2010-06-04,20.32,20.40,19.90,20.00,13644500,15.79
2010-06-03,20.27,20.46,20.08,20.41,13338400,16.12
2010-06-02,19.77,20.05,19.60,20.02,11947900,15.81
2010-06-01,20.11,20.49,20.05,20.24,19891700,15.34
2010-05-28,20.31,20.32,19.96,20.10,9752200,15.24
2010-05-27,19.65,20.14,19.61,20.09,11646700,15.23
2010-05-26,19.12,19.48,19.12,19.20,16854900,14.55
2010-05-25,18.47,19.25,18.43,19.16,17447500,14.52
2010-05-24,19.02,19.09,18.68,18.68,8294600,14.16
2010-05-21,18.49,19.08,18.39,19.05,14576000,14.44
2010-05-20,18.61,19.21,18.21,18.69,15619800,14.17
2010-05-19,19.17,19.40,18.81,19.21,18269900,14.56
2010-05-18,19.96,19.97,19.49,19.54,14595200,14.81
2010-05-17,19.91,20.13,19.55,20.07,7491700,15.21
2010-05-14,20.18,20.20,19.59,19.74,13092200,14.96
2010-05-13,20.35,20.55,20.28,20.29,10085100,15.38
2010-05-12,20.38,20.70,20.34,20.69,7987000,15.68
2010-05-11,20.34,20.86,20.23,20.53,10220000,15.56
2010-05-10,20.94,21.01,20.70,20.96,11035500,15.89
2010-05-07,20.04,20.20,19.41,20.00,19643400,15.16
2010-05-06,21.20,21.30,19.73,20.61,11996500,15.62
2010-05-05,21.29,21.45,21.25,21.37,8880800,16.20
2010-05-04,21.84,22.28,21.51,21.73,10525200,16.47
2010-05-03,22.29,22.61,22.24,22.46,5393800,17.02
2010-04-30,22.23,22.47,22.20,22.20,7130500,16.83
2010-04-29,22.12,22.39,22.00,22.33,8085300,16.93
2010-04-28,21.87,21.96,21.58,21.92,12952000,16.61
2010-04-27,22.31,22.42,21.98,22.14,20508000,16.78
2010-04-26,23.09,23.14,23.00,23.04,5024100,17.46
2010-04-23,22.79,23.19,22.74,23.10,6554400,17.51
2010-04-22,22.86,23.17,22.76,23.16,7859200,17.55
2010-04-21,23.20,23.32,23.16,23.29,4185300,17.65
2010-04-20,23.26,23.28,23.09,23.24,7457400,17.62
2010-04-19,22.98,23.32,22.95,23.28,6393100,17.65
2010-04-16,23.56,23.66,23.25,23.38,7396500,17.72
2010-04-15,23.61,23.79,23.55,23.69,5805800,17.96
2010-04-14,23.32,23.48,23.26,23.42,5216600,17.75
2010-04-13,23.06,23.15,22.90,23.10,4413000,17.51
2010-04-12,23.09,23.12,22.98,23.01,3472300,17.44
2010-04-09,22.90,23.09,22.88,23.08,3685600,17.49
2010-04-08,22.50,22.99,22.45,22.92,4987900,17.37
2010-04-07,22.60,22.75,22.55,22.67,10334100,17.18
2010-04-06,22.71,23.04,22.69,23.04,8171500,17.46
2010-04-05,23.45,23.55,23.35,23.48,2954300,17.80
2010-04-01,23.05,23.38,23.03,23.36,6866300,17.71
2010-03-31,23.05,23.32,23.00,23.31,9331100,17.67
2010-03-30,23.11,23.28,22.83,23.19,9465000,17.58
2010-03-29,22.59,23.05,22.58,23.00,10070900,17.43
2010-03-26,21.83,21.97,21.83,21.95,5057200,16.64
2010-03-25,22.09,22.14,21.94,21.96,8478300,16.65
2010-03-24,22.33,22.35,22.15,22.18,5203200,16.81
2010-03-23,22.35,22.59,22.29,22.57,4432700,17.11
2010-03-22,22.13,22.58,22.10,22.49,5906900,17.05
2010-03-19,22.58,22.65,22.22,22.57,8225500,17.11
2010-03-18,22.59,22.69,22.43,22.65,4618000,17.17
2010-03-17,22.90,22.94,22.72,22.77,11311500,17.26
2010-03-16,22.66,23.01,22.63,22.96,5484300,17.40
2010-03-15,22.88,22.90,22.71,22.89,4050400,17.35
2010-03-12,23.07,23.18,22.96,23.00,6034700,17.43
2010-03-11,22.58,22.82,22.43,22.78,5174700,17.27
2010-03-10,22.27,22.51,22.22,22.47,6425200,17.03
2010-03-09,22.34,22.54,22.31,22.47,6455100,17.03
2010-03-08,22.45,22.54,22.33,22.49,5109800,17.05
2010-03-05,22.19,22.55,22.12,22.47,4999900,17.03
2010-03-04,22.34,22.42,22.24,22.36,6003600,16.95
2010-03-03,22.34,22.49,22.30,22.38,5015000,16.96
2010-03-02,21.75,21.92,21.64,21.85,5509000,16.56
2010-03-01,21.36,21.66,21.32,21.62,9031400,16.39
2010-02-26,21.52,21.80,21.43,21.77,5643400,16.50
2010-02-25,21.76,22.04,21.67,22.00,3768200,16.68
2010-02-24,21.75,22.04,21.72,21.99,6988400,16.67
2010-02-23,21.84,21.93,21.68,21.76,8674300,16.49
2010-02-22,22.03,22.06,21.95,22.01,4454400,16.68
2010-02-19,21.96,22.22,21.84,22.16,4206300,16.80
2010-02-18,22.07,22.36,22.06,22.29,4630300,16.90
2010-02-17,22.13,22.22,22.00,22.15,8169400,16.79
2010-02-16,21.84,22.19,21.78,22.13,6258700,16.77
2010-02-12,21.72,22.02,21.59,21.91,4097700,16.61
2010-02-11,21.53,21.91,21.39,21.84,4888600,16.55
2010-02-10,21.57,21.87,21.50,21.78,5039300,16.51
2010-02-09,21.58,22.10,21.55,21.75,8717400,16.49
2010-02-08,21.84,22.00,21.73,21.77,6270100,16.50
2010-02-05,22.04,22.14,21.64,22.07,11662500,16.73
2010-02-04,22.35,22.51,21.91,22.06,15296900,16.72
2010-02-03,21.65,21.68,21.39,21.66,5675000,16.42
2010-02-02,21.60,21.94,21.56,21.89,5659300,16.59
2010-02-01,21.59,21.74,21.55,21.62,4823500,16.39
2010-01-29,21.65,21.78,21.42,21.46,5749800,16.27
2010-01-28,22.01,22.01,21.48,21.64,6077900,16.40
2010-01-27,22.06,22.12,21.80,22.01,5772900,16.68
2010-01-26,21.71,21.96,21.64,21.77,6977600,16.50
2010-01-25,21.70,21.85,21.67,21.75,6898100,16.49
2010-01-22,22.00,22.10,21.50,21.55,9173300,16.33
2010-01-21,22.11,22.19,21.80,22.03,11393900,16.70
2010-01-20,22.38,22.42,22.14,22.37,6938700,16.96
2010-01-19,22.51,22.69,22.48,22.67,7034300,17.18
2010-01-15,22.11,22.14,21.91,22.09,19103700,16.74
2010-01-14,22.41,22.56,22.38,22.50,10039400,17.05
2010-01-13,22.48,22.69,22.45,22.63,8411600,17.15
2010-01-12,22.22,22.40,22.18,22.36,5690600,16.95
2010-01-11,22.25,22.44,22.18,22.39,6816800,16.97
2010-01-08,22.15,22.16,21.88,22.07,10832300,16.73
2010-01-07,22.27,22.41,22.14,22.41,7192300,16.99
2010-01-06,22.97,23.06,22.80,22.84,4649500,17.31
2010-01-05,22.87,23.04,22.79,23.02,3682000,17.45
2010-01-04,23.20,23.31,23.09,23.19,4506300,17.58
2009-12-31,23.02,23.26,23.00,23.09,1677100,17.50
2009-12-30,22.89,23.16,22.87,23.10,2029400,17.51
2009-12-29,23.06,23.08,22.86,23.00,2316100,17.43
2009-12-28,22.90,23.02,22.83,23.01,2513100,17.44
2009-12-24,22.84,22.97,22.81,22.88,2372100,17.34
2009-12-23,22.76,23.02,22.61,22.83,4537700,17.30
2009-12-22,22.94,22.99,22.81,22.82,5435300,17.30
2009-12-21,22.71,22.94,22.71,22.85,8929900,17.32
2009-12-18,22.91,22.93,22.21,22.37,25792800,16.96
2009-12-17,22.85,22.94,22.70,22.90,7540300,17.36
2009-12-16,23.17,23.37,23.12,23.33,3573400,17.68
2009-12-15,22.96,23.13,22.91,23.03,4245400,17.46
2009-12-14,23.12,23.38,23.10,23.28,4339800,17.65
2009-12-11,23.03,23.24,22.97,23.15,3722600,17.55
2009-12-10,23.07,23.14,22.91,23.06,3459700,17.48
2009-12-09,22.94,22.94,22.60,22.85,3630800,17.32
2009-12-08,22.90,22.93,22.73,22.91,3415200,17.37
2009-12-07,23.16,23.39,23.13,23.21,2782500,17.59
2009-12-04,23.61,23.77,23.34,23.43,4727600,17.76
2009-12-03,23.54,23.66,23.24,23.26,3804400,17.63
2009-12-02,23.71,24.04,23.68,23.98,8683600,18.18
2009-12-01,23.08,23.46,23.04,23.43,6012800,17.76
2009-11-30,22.64,22.84,22.50,22.69,5646600,17.20
2009-11-27,22.50,23.18,22.49,23.05,2694700,17.47
2009-11-25,23.00,23.31,22.90,23.19,5461400,17.58
2009-11-24,22.71,22.76,22.56,22.60,5994000,17.13
2009-11-23,22.76,22.80,22.48,22.57,5492500,17.11
2009-11-20,22.03,22.48,22.01,22.42,5322900,16.99
2009-11-19,22.53,22.55,22.22,22.55,6210100,17.09
2009-11-18,22.96,22.97,22.67,22.90,5184900,17.36
2009-11-17,23.49,23.61,23.35,23.53,4919700,17.50
2009-11-16,23.20,23.55,23.15,23.37,5403100,17.38
2009-11-13,22.81,23.05,22.73,22.92,4950800,17.04
2009-11-12,22.59,22.74,22.51,22.55,5464100,16.77
2009-11-11,22.51,22.55,22.13,22.40,7519600,16.66
2009-11-10,22.32,22.86,22.30,22.86,6504500,17.00
2009-11-09,23.19,23.25,23.09,23.18,4260200,17.24
2009-11-06,22.43,22.70,22.38,22.62,3839100,16.82
2009-11-05,23.07,23.12,22.76,22.83,3675700,16.98
2009-11-04,22.40,22.72,22.37,22.40,3027000,16.66
2009-11-03,21.92,22.25,21.86,22.15,5124700,16.47
2009-11-02,22.25,22.45,21.96,22.20,3899000,16.51
2009-10-30,22.80,22.89,21.98,22.19,7933600,16.50
2009-10-29,22.74,23.18,22.70,22.99,4586300,17.09
2009-10-28,22.66,22.82,22.47,22.51,7630400,16.74
2009-10-27,22.68,22.80,22.39,22.58,6169500,16.79
2009-10-26,22.48,22.63,22.23,22.36,8782000,16.63
2009-10-23,22.94,22.96,22.19,22.29,10086600,16.57
2009-10-22,22.94,23.20,22.84,23.06,9290500,17.15
2009-10-21,22.33,22.53,22.15,22.16,10527500,16.48
2009-10-20,22.28,22.28,21.85,21.98,5165400,16.34
2009-10-19,21.93,22.21,21.92,22.14,5623400,16.46
2009-10-16,21.92,22.38,21.80,22.07,5353600,16.41
2009-10-15,22.25,22.43,22.03,22.38,9410500,16.64
2009-10-14,21.76,21.91,21.57,21.86,3781800,16.25
2009-10-13,21.47,21.57,21.28,21.46,4316500,15.96
2009-10-12,21.60,21.66,21.29,21.48,5043000,15.97
2009-10-09,21.26,21.35,21.10,21.35,8430800,15.87
2009-10-08,21.69,21.87,21.50,21.53,10934300,16.01
2009-10-07,22.12,22.16,21.89,22.14,6474100,16.46
2009-10-06,22.20,22.48,22.18,22.39,5440300,16.65
2009-10-05,22.21,22.68,22.19,22.56,3701600,16.77
2009-10-02,22.00,22.26,21.98,22.09,5291300,16.42
2009-10-01,22.79,22.79,22.29,22.34,5325500,16.61
2009-09-30,22.68,22.70,22.33,22.50,4808800,16.73
2009-09-29,22.82,22.93,22.53,22.58,5380600,16.79
2009-09-28,22.52,23.15,22.50,23.00,3747700,17.10
2009-09-25,22.82,23.04,22.68,22.77,4906700,16.93
2009-09-24,23.25,23.45,22.78,23.01,7436800,17.11
2009-09-23,23.65,23.85,23.23,23.45,5896800,17.44
2009-09-22,23.31,23.62,23.22,23.54,8196800,17.50
2009-09-21,22.65,22.93,22.55,22.86,5188600,17.00
2009-09-18,23.00,23.10,22.87,22.91,9021200,17.03
2009-09-17,23.23,23.42,23.06,23.24,4682000,17.28
2009-09-16,23.18,23.32,23.08,23.25,4395800,17.29
2009-09-15,23.10,23.22,22.97,23.15,3494200,17.21
2009-09-14,22.98,23.22,22.93,23.09,2207600,17.17
2009-09-11,23.16,23.26,23.04,23.20,4566900,17.25
2009-09-10,22.94,23.34,22.83,23.34,7919800,17.35
2009-09-09,22.99,23.11,22.87,23.06,7278000,17.15
2009-09-08,22.93,22.95,22.60,22.64,3727500,16.83
2009-09-04,21.93,22.14,21.59,22.04,3025600,16.39
2009-09-03,21.61,21.69,21.34,21.52,2797200,16.00
2009-09-02,21.25,21.38,21.16,21.20,2950500,15.76
2009-09-01,21.59,21.90,21.27,21.35,4846600,15.87
2009-08-31,21.70,21.94,21.55,21.72,3605400,16.15
2009-08-28,22.15,22.16,21.73,21.79,2556600,16.20
2009-08-27,21.67,22.01,21.62,21.96,3545500,16.33
2009-08-26,21.63,21.82,21.55,21.79,3365300,16.20
2009-08-25,22.10,22.21,21.97,21.99,4663000,16.35
2009-08-24,21.66,21.71,21.55,21.61,3877500,16.07
2009-08-21,21.81,22.13,21.73,21.78,4005900,16.19
2009-08-20,21.55,21.93,21.49,21.93,3751500,16.31
2009-08-19,21.08,21.51,21.08,21.43,1956000,15.93
2009-08-18,20.94,21.35,20.89,21.26,2187300,15.81
2009-08-17,20.68,20.93,20.61,20.86,3101500,15.51
2009-08-14,21.13,21.23,20.94,21.21,5679400,15.77
2009-08-13,21.61,21.62,21.45,21.54,5550900,16.02
2009-08-12,21.35,21.67,21.33,21.52,8192900,16.00
2009-08-11,21.29,21.38,21.12,21.28,5947100,15.82
2009-08-10,21.32,21.45,21.15,21.35,7293000,15.87
2009-08-07,21.50,21.58,21.35,21.39,6962800,15.90
2009-08-06,21.00,21.04,20.89,20.99,5037200,15.61
2009-08-05,21.23,21.31,21.00,21.23,4938000,15.79
2009-08-04,21.16,21.38,21.12,21.29,7027600,15.83
2009-08-03,20.90,21.33,20.90,21.24,5826900,15.79
2009-07-31,20.25,20.68,20.23,20.58,4617200,15.30
2009-07-30,20.10,20.31,20.08,20.18,5676700,15.00
2009-07-29,19.73,19.79,19.53,19.64,2859900,14.60
2009-07-28,19.49,19.77,19.44,19.74,3974800,14.68
2009-07-27,19.87,19.97,19.72,19.88,4160900,14.78
2009-07-24,19.71,19.99,19.67,19.93,3074900,14.82
2009-07-23,18.97,19.56,18.97,19.47,5751400,14.48
2009-07-22,18.90,19.13,18.90,19.05,4358700,14.16
2009-07-21,18.82,18.92,18.65,18.92,6430300,14.07
2009-07-20,18.72,18.82,18.60,18.78,5048100,13.96
2009-07-17,18.63,18.67,18.49,18.61,4853300,13.84
2009-07-16,19.01,19.23,18.88,19.15,2668300,14.24
2009-07-15,18.94,19.08,18.85,19.04,2223500,14.16
2009-07-14,18.33,18.53,18.31,18.53,5211400,13.78
2009-07-13,18.58,18.81,18.49,18.76,3645200,13.95
2009-07-10,18.36,18.51,18.25,18.50,6743900,13.76
2009-07-09,18.62,18.76,18.47,18.65,5047400,13.87
2009-07-08,18.65,18.73,18.46,18.62,6323200,13.84
2009-07-07,18.56,18.68,18.50,18.57,6323700,13.81
2009-07-06,18.68,19.08,18.64,19.03,3597700,14.15
2009-07-02,19.09,19.15,18.91,19.06,3741600,14.17
2009-07-01,19.64,19.85,19.62,19.69,5044500,14.64
2009-06-30,19.43,19.56,19.15,19.49,6094900,14.49
2009-06-29,19.37,19.55,19.28,19.52,2959600,14.51
2009-06-26,19.08,19.35,18.99,19.30,2446900,14.35
2009-06-25,19.05,19.44,18.94,19.41,4527400,14.43
2009-06-24,19.45,19.73,19.28,19.39,3534700,14.42
2009-06-23,19.25,19.46,19.15,19.41,5828200,14.43
2009-06-22,19.50,19.55,19.32,19.40,5410900,14.42
2009-06-19,19.87,19.92,19.54,19.72,4914500,14.66
2009-06-18,19.60,20.08,19.44,19.88,6734300,14.78
2009-06-17,19.21,19.46,18.97,19.27,7160300,14.33
2009-06-16,18.90,18.96,18.63,18.63,4327400,13.85
2009-06-15,18.72,18.73,18.35,18.46,3463400,13.73
2009-06-12,18.88,19.05,18.72,19.00,1776700,14.13
2009-06-11,18.82,19.14,18.82,18.94,3372300,14.08
2009-06-10,18.58,18.60,18.06,18.32,3270100,13.62
2009-06-09,18.57,18.76,18.52,18.61,3200800,13.84
2009-06-08,18.06,18.31,17.94,18.17,2836300,13.51
2009-06-05,18.15,18.19,17.96,18.05,3454100,13.42
2009-06-04,18.32,18.61,18.22,18.29,4994600,13.60
2009-06-03,18.61,18.65,18.22,18.42,5164800,13.70
2009-06-02,19.42,19.78,19.34,19.73,4274700,14.08
2009-06-01,19.19,19.49,19.19,19.26,3469700,13.75
2009-05-29,18.96,19.08,18.69,18.82,7712400,13.43
2009-05-28,18.80,18.89,18.55,18.74,4256300,13.38
2009-05-27,18.98,19.14,18.64,18.73,5982200,13.37
2009-05-26,18.48,18.90,18.48,18.77,4743900,13.40
2009-05-22,18.42,18.59,18.24,18.50,5891200,13.21
2009-05-21,18.10,18.12,17.80,17.94,6895300,12.81
2009-05-20,18.59,18.76,18.56,18.64,9009400,13.31
2009-05-19,18.65,19.17,18.65,19.04,9750000,13.59
2009-05-18,19.25,20.00,19.24,19.99,7753200,14.27
2009-05-15,18.89,19.02,18.40,18.47,4974900,13.18
2009-05-14,19.00,19.29,18.99,19.18,4689000,13.69
2009-05-13,18.97,19.05,18.75,18.86,4185200,13.46
2009-05-12,18.76,19.29,18.64,19.12,7565800,13.65
2009-05-11,18.17,18.50,18.08,18.17,3946600,12.97
2009-05-08,18.25,18.51,18.03,18.50,4271700,13.21
2009-05-07,19.10,19.10,18.10,18.31,6201300,13.07
2009-05-06,19.43,19.53,19.12,19.49,2913000,13.91
2009-05-05,19.10,19.38,18.99,19.32,3086000,13.79
2009-05-04,18.97,19.45,18.97,19.37,2728700,13.83
2009-05-01,18.66,18.88,18.47,18.85,2361400,13.46
2009-04-30,18.55,18.70,18.24,18.35,5614300,13.10
2009-04-29,18.22,18.81,18.18,18.58,4707600,13.26
2009-04-28,17.93,18.21,17.92,18.07,4176100,12.90
2009-04-27,18.23,18.48,18.11,18.28,3110300,13.05
2009-04-24,17.78,18.28,17.68,18.19,9745200,12.98
2009-04-23,18.25,18.30,17.79,18.14,4728800,12.95
2009-04-22,18.14,18.40,18.01,18.05,2909700,12.88
2009-04-21,17.92,18.67,17.86,18.62,3220900,13.29
2009-04-20,18.49,18.58,18.18,18.31,5004600,13.07
2009-04-17,19.09,19.48,19.07,19.30,3842400,13.78
2009-04-16,18.40,18.96,18.27,18.81,6846100,13.43
2009-04-15,17.95,18.26,17.90,18.22,2713500,13.01
2009-04-14,17.85,18.18,17.78,18.08,4864500,12.91
2009-04-13,17.93,18.44,17.83,18.29,1643200,13.06
2009-04-09,17.91,18.10,17.81,18.08,2624900,12.91
2009-04-08,18.52,18.59,18.09,18.27,3819600,13.04
2009-04-07,18.25,18.38,18.08,18.15,1774000,12.96
2009-04-06,18.36,18.79,18.30,18.77,4190000,13.40
2009-04-03,18.68,18.85,18.39,18.79,2722600,13.41
2009-04-02,18.60,19.17,18.55,18.95,8040500,13.53
2009-04-01,18.14,18.87,18.01,18.68,4503900,13.33
2009-03-31,17.29,17.71,17.18,17.42,4313400,12.43
2009-03-30,16.71,16.80,16.41,16.60,2779500,11.85
2009-03-27,16.60,16.80,16.45,16.49,7479300,11.77
2009-03-26,17.57,17.63,17.22,17.37,5921500,12.40
2009-03-25,17.53,17.82,17.06,17.44,5849400,12.45
2009-03-24,17.60,17.87,17.39,17.60,2524700,12.56
2009-03-23,17.34,17.72,17.26,17.71,3085600,12.64
2009-03-20,17.21,17.34,16.95,17.01,2691700,12.14
2009-03-19,17.57,17.73,17.32,17.50,2721700,12.49
2009-03-18,17.13,17.96,16.96,17.79,3140500,12.70
2009-03-17,16.99,17.59,16.72,17.54,3190300,12.52
2009-03-16,16.92,17.08,16.65,16.68,2350200,11.91
2009-03-13,16.45,16.51,16.03,16.38,4158600,11.69
2009-03-12,16.12,16.48,15.91,16.44,9700800,11.73
2009-03-11,16.01,16.22,15.70,15.89,7701200,11.34
2009-03-10,16.01,16.61,15.94,16.54,4344100,11.81
2009-03-09,15.70,15.94,15.46,15.48,5123000,11.05
2009-03-06,17.06,17.17,16.26,16.66,3946500,11.89
2009-03-05,16.70,17.01,16.22,16.38,5884800,11.69
2009-03-04,17.00,17.44,16.73,17.26,4038300,12.32
2009-03-03,16.77,16.78,16.32,16.54,5396700,11.81
2009-03-02,17.26,17.28,16.66,16.72,4347600,11.93
2009-02-27,17.41,18.13,17.40,17.75,4069000,12.67
2009-02-26,18.09,18.14,17.33,17.48,4462900,12.48
2009-02-25,17.56,17.66,16.90,17.17,4708400,12.26
2009-02-24,17.80,18.13,17.48,18.06,4564800,12.89
2009-02-23,18.65,18.65,17.77,17.86,3589400,12.75
2009-02-20,17.56,18.32,17.55,18.08,4341700,12.91
2009-02-19,18.32,18.45,17.86,17.89,3329900,12.77
2009-02-18,18.39,18.39,17.88,18.15,2802000,12.96
2009-02-17,18.53,18.69,18.22,18.42,2758200,13.15
2009-02-13,19.39,19.55,19.09,19.16,2883700,13.68
2009-02-12,18.69,19.23,18.54,19.21,3623400,13.71
2009-02-11,19.26,19.39,18.97,19.20,3792100,13.71
2009-02-10,20.22,20.25,19.14,19.26,4617500,13.75
2009-02-09,20.46,20.62,20.19,20.34,3701400,14.52
2009-02-06,20.15,20.71,20.09,20.50,3503300,14.63
2009-02-05,19.69,20.09,19.42,19.98,4602300,14.26
2009-02-04,19.64,20.05,19.39,19.45,3161500,13.88
2009-02-03,19.66,19.96,19.41,19.91,3885800,14.21
2009-02-02,18.03,18.60,17.96,18.48,4086900,13.19
2009-01-30,19.02,19.03,18.50,18.59,3395300,13.27
2009-01-29,18.77,19.09,18.60,18.70,3428900,13.35
2009-01-28,19.43,19.57,19.12,19.39,3112900,13.84
2009-01-27,18.94,19.23,18.73,19.03,4808700,13.58
2009-01-26,18.53,19.13,18.41,18.82,3549400,13.43
2009-01-23,17.53,18.23,17.40,18.16,4598000,12.96
2009-01-22,17.89,18.28,17.61,18.15,4678700,12.96
2009-01-21,18.59,18.87,18.12,18.83,3920500,13.44
2009-01-20,19.38,19.45,18.71,18.79,4048400,13.41
2009-01-16,20.38,20.41,19.58,20.02,4476100,14.29
2009-01-15,19.39,19.87,18.93,19.74,3662500,14.09
2009-01-14,19.80,19.87,19.50,19.74,3136700,14.09
2009-01-13,19.95,20.28,19.91,20.11,3961700,14.35
2009-01-12,20.60,20.66,20.26,20.41,2841700,14.57
2009-01-09,21.18,21.24,20.69,20.85,5868000,14.88
2009-01-08,21.21,21.36,20.94,21.33,5873900,15.23
2009-01-07,21.55,21.84,21.21,21.38,3307300,15.26
2009-01-06,21.33,22.02,21.30,21.88,5206800,15.62
2009-01-05,20.96,21.40,20.88,21.39,6588600,15.27
2009-01-02,19.89,20.47,19.83,20.39,2307500,14.55
2008-12-31,19.92,20.50,19.85,20.44,3456800,14.59
2008-12-30,19.43,19.76,19.30,19.76,2216100,14.10
2008-12-29,18.94,18.99,18.70,18.91,1855700,13.50
2008-12-26,18.86,19.01,18.76,18.97,1392100,13.54
2008-12-24,18.52,19.07,18.52,18.91,1114500,13.50
2008-12-23,19.63,19.63,18.70,18.82,4156800,13.43
2008-12-22,19.76,19.79,19.44,19.68,3843700,14.05
2008-12-19,19.53,19.58,19.12,19.21,2706100,13.71
2008-12-18,19.97,20.14,19.15,19.32,3879500,13.79
2008-12-17,19.64,20.19,19.33,20.04,5015300,14.30
2008-12-16,19.79,20.49,19.56,20.43,6035700,14.58
2008-12-15,19.49,19.78,19.29,19.52,3134600,13.93
2008-12-12,19.16,19.52,18.91,19.35,3180300,13.81
2008-12-11,19.73,20.06,19.35,19.48,3068900,13.90
2008-12-10,19.58,19.69,19.09,19.39,2948500,13.84
2008-12-09,19.82,20.16,19.48,19.62,4789000,14.00
2008-12-08,19.69,20.37,19.65,20.09,4265700,14.34
2008-12-05,18.61,19.30,18.16,19.25,5043500,13.74
2008-12-04,18.30,18.73,17.85,18.12,3932500,12.93
2008-12-03,18.47,19.12,18.22,19.01,5027700,13.57
2008-12-02,18.14,18.53,17.80,18.35,3696000,13.10
2008-12-01,18.30,18.38,17.54,17.56,3937200,12.53
2008-11-28,19.11,19.65,19.06,19.58,1802700,13.98
2008-11-26,18.90,19.99,18.87,19.85,5814000,14.17
2008-11-25,19.47,19.74,18.79,19.30,4998900,13.78
2008-11-24,17.96,18.95,17.80,18.63,6248300,13.30
2008-11-21,17.29,17.31,16.21,17.14,5924300,12.23
2008-11-20,17.99,18.38,16.97,17.12,9929700,12.22
2008-11-19,18.78,18.95,17.45,17.46,5779000,12.46
2008-11-18,18.77,19.58,18.73,19.33,8799400,13.52
2008-11-17,18.38,18.98,18.29,18.41,5578500,12.88
2008-11-14,18.46,18.92,17.99,18.09,5316100,12.66
2008-11-13,18.44,18.99,17.50,18.99,8719600,13.29
2008-11-12,18.62,18.67,17.76,17.81,6582900,12.46
2008-11-11,18.38,18.41,17.47,17.87,7951000,12.50
2008-11-10,16.77,17.01,16.54,16.76,7262400,11.73
2008-11-07,17.03,17.31,16.62,17.04,4971700,11.92
2008-11-06,17.64,17.85,16.52,16.62,4386400,11.63
2008-11-05,18.76,19.28,18.10,18.12,6151800,12.68
2008-11-04,18.62,19.17,18.48,18.94,7622900,13.25
2008-11-03,18.12,18.58,18.00,18.57,4807200,12.99
2008-10-31,18.66,19.66,18.60,19.27,3901000,13.48
2008-10-30,19.54,19.79,18.98,19.74,3903900,13.81
2008-10-29,18.56,19.99,18.41,19.51,5025800,13.65
2008-10-28,17.09,18.67,16.64,18.62,5227500,13.03
2008-10-27,15.47,16.79,15.30,16.50,13781900,11.54
2008-10-24,15.64,16.60,15.63,16.26,4540300,11.38
2008-10-23,17.18,17.68,16.55,17.31,6515100,12.11
2008-10-22,17.48,17.49,16.25,16.64,6943800,11.64
2008-10-21,19.54,19.58,18.50,18.52,3402300,12.96
2008-10-20,19.85,20.58,19.51,20.58,2412300,14.40
2008-10-17,19.21,20.91,19.15,20.19,4486700,14.13
2008-10-16,19.27,19.80,18.38,19.80,4098400,13.85
2008-10-15,20.98,21.06,18.89,18.89,3979300,13.22
2008-10-14,21.62,21.69,20.50,21.03,5303500,14.71
2008-10-13,20.14,21.00,19.93,20.85,6357100,14.59
2008-10-10,18.30,20.22,18.00,18.76,8560300,13.12
2008-10-09,20.99,21.26,19.18,19.24,5248600,13.46
2008-10-08,21.21,21.67,20.40,20.81,6690400,14.56
2008-10-07,22.87,22.92,21.05,21.12,4977100,14.78
2008-10-06,22.43,22.48,20.70,21.76,6725900,15.22
2008-10-03,22.54,23.06,22.49,22.65,7178000,15.85
2008-10-02,22.56,22.62,22.14,22.21,4590600,15.54
2008-10-01,22.38,22.52,21.85,22.49,3973600,15.73
2008-09-30,21.84,22.18,21.73,22.10,2668300,15.46
2008-09-29,22.57,22.58,21.01,21.29,7922700,14.90
2008-09-26,23.37,23.46,23.06,23.39,2013100,16.36
2008-09-25,23.18,23.68,22.55,23.45,3871100,16.41
2008-09-24,23.06,23.09,22.23,22.30,4314600,15.60
2008-09-23,23.31,23.50,22.71,22.78,2065500,15.94
2008-09-22,23.85,23.90,23.13,23.22,2480600,16.25
2008-09-19,23.36,24.34,23.10,24.18,5256700,16.92
2008-09-18,21.92,22.50,21.65,22.07,7815100,15.44
2008-09-17,22.92,22.98,21.85,22.01,5278500,15.40
2008-09-16,22.75,23.08,22.47,22.93,7548500,16.04
2008-09-15,23.69,23.75,22.93,23.06,5032100,16.13
2008-09-12,23.97,24.59,23.87,24.58,2833800,17.20
2008-09-11,23.50,23.90,23.38,23.90,2210100,16.72
2008-09-10,23.88,24.06,23.79,23.87,2512300,16.70
2008-09-09,24.28,24.41,23.78,23.78,2590300,16.64
2008-09-08,24.14,24.65,23.59,23.98,3533400,16.78
2008-09-05,23.62,23.72,23.22,23.64,3020000,16.54
2008-09-04,24.77,24.83,24.13,24.17,3861400,16.91
2008-09-03,25.24,25.28,25.00,25.11,2335400,17.57
2008-09-02,25.71,25.85,25.37,25.46,1822600,17.81
2008-08-29,25.69,25.88,25.53,25.55,2038800,17.88
2008-08-28,26.12,26.27,26.00,26.16,2688900,18.30
2008-08-27,26.10,26.20,25.83,25.91,2865500,18.13
2008-08-26,25.42,25.57,25.16,25.24,1859500,17.66
2008-08-25,25.90,25.90,25.47,25.53,1624600,17.86
2008-08-22,25.60,25.96,25.59,25.93,2526800,18.14
2008-08-21,25.29,25.51,25.19,25.46,2636100,17.81
2008-08-20,25.20,25.28,24.92,25.15,2327100,17.60
2008-08-19,25.62,25.66,25.26,25.44,2233700,17.80
2008-08-18,26.16,26.29,25.83,25.90,1319200,18.12
2008-08-15,25.79,26.11,25.64,26.06,1557700,18.23
2008-08-14,26.07,26.29,26.07,26.19,1606600,18.32
2008-08-13,26.19,26.42,25.98,26.38,2133600,18.46
2008-08-12,26.98,27.13,26.88,26.98,1389000,18.88
2008-08-11,27.03,27.12,26.80,26.98,2010500,18.88
2008-08-08,26.41,27.24,26.37,27.14,2578500,18.99
2008-08-07,27.01,27.15,26.80,26.95,1965300,18.85
2008-08-06,27.65,27.66,27.45,27.65,1682400,19.34
2008-08-05,27.45,27.88,27.29,27.86,1868100,19.49
2008-08-04,27.15,27.20,26.89,26.93,2374200,18.84
2008-08-01,27.14,27.19,26.72,26.93,5570700,18.84
2008-07-31,26.67,26.98,26.65,26.83,3316900,18.77
2008-07-30,26.66,26.78,26.61,26.70,3006900,18.68
2008-07-29,26.45,26.72,26.32,26.69,12385700,18.67
2008-07-28,26.01,26.11,25.81,25.86,4484000,18.09
2008-07-25,26.52,26.58,26.26,26.43,2637000,18.49
2008-07-24,26.60,26.64,26.30,26.34,3372900,18.43
2008-07-23,25.64,27.21,25.58,27.20,10680600,19.03
2008-07-22,25.61,26.03,25.35,25.60,21893000,17.91
2008-07-21,29.74,29.81,29.56,29.73,2847800,20.80
2008-07-18,30.36,30.41,29.95,30.27,3163400,21.18
2008-07-17,29.97,30.12,29.85,30.00,3055600,20.99
2008-07-16,29.04,29.36,28.81,29.35,3699500,20.53
2008-07-15,29.03,29.32,28.60,29.00,3503700,20.29
2008-07-14,29.71,29.74,29.23,29.33,1877900,20.52
2008-07-11,29.80,30.09,29.14,29.44,3773000,20.60
2008-07-10,30.23,30.47,30.07,30.40,5664400,21.27
2008-07-09,31.00,31.21,30.72,30.79,5560200,21.54
2008-07-08,30.71,30.85,30.37,30.69,5614800,21.47
2008-07-07,30.19,30.49,29.83,30.01,3692300,21.00
2008-07-03,30.28,30.35,29.78,30.03,2682700,21.01
2008-07-02,30.40,30.52,29.93,29.96,2845700,20.96
2008-07-01,29.37,29.59,29.03,29.56,5395200,20.68
2008-06-30,29.39,29.74,29.33,29.46,6289900,20.61
2008-06-27,28.22,28.43,27.82,27.86,5884800,19.49
2008-06-26,28.21,28.27,27.72,27.72,5521600,19.39
2008-06-25,28.60,28.83,28.45,28.65,7782400,20.04
2008-06-24,28.50,28.71,28.19,28.45,4015900,19.90
2008-06-23,28.37,28.66,28.34,28.42,1875000,19.88
2008-06-20,28.88,28.92,28.31,28.42,3146000,19.88
2008-06-19,29.53,29.61,29.04,29.24,4046600,20.46
2008-06-18,29.34,29.53,29.29,29.42,1805100,20.58
2008-06-17,29.79,29.97,29.61,29.66,2521100,20.75
2008-06-16,29.45,29.67,29.30,29.55,1315700,20.67
2008-06-13,29.73,29.94,29.58,29.92,2645100,20.93
2008-06-12,29.04,29.34,28.91,29.09,2710100,20.35
2008-06-11,30.02,30.09,29.51,29.54,3589600,20.67
2008-06-10,30.40,30.72,30.35,30.43,2133500,21.29
2008-06-09,30.97,30.97,30.49,30.54,4481200,21.37
2008-06-06,31.69,31.94,31.55,31.63,3988500,22.13
2008-06-05,29.61,31.70,29.58,31.51,11045100,22.05
2008-06-04,30.29,30.48,30.01,30.10,7038700,21.06
2008-06-03,31.81,32.07,31.61,31.79,2525400,21.55
2008-06-02,31.68,31.78,31.48,31.74,1837700,21.51
2008-05-30,32.25,32.36,32.03,32.09,2467700,21.75
2008-05-29,32.21,32.29,31.76,32.04,2009500,21.72
2008-05-28,32.40,32.66,32.03,32.54,2810300,22.06
2008-05-27,31.95,32.40,31.67,32.20,3500800,21.82
2008-05-23,32.63,32.72,32.30,32.55,3271000,22.06
2008-05-22,32.37,32.73,32.27,32.48,1740300,22.01
2008-05-21,31.56,31.66,30.82,30.82,3051900,20.89
2008-05-20,32.09,32.14,31.76,31.95,1920000,21.66
2008-05-19,32.48,32.86,32.34,32.68,1710900,22.15
2008-05-16,32.46,32.87,32.32,32.82,1525000,22.25
2008-05-15,31.59,32.10,31.44,32.01,1423800,21.70
2008-05-14,31.67,31.89,31.55,31.62,1952200,21.43
2008-05-13,31.87,31.93,31.50,31.75,1490600,21.52
2008-05-12,31.99,32.03,31.68,31.87,1137600,21.60
2008-05-09,31.36,31.68,31.28,31.59,1758900,21.41
2008-05-08,31.90,31.90,31.46,31.73,993700,21.51
2008-05-07,32.06,32.16,31.74,31.74,1688300,21.51
2008-05-06,31.59,32.05,31.59,31.95,1329800,21.66
2008-05-05,32.34,32.67,31.89,32.08,1658600,21.74
2008-05-02,31.92,32.32,31.92,32.25,3418100,21.86
2008-05-01,31.24,32.11,31.19,32.04,2918600,21.72
2008-04-30,31.45,31.99,31.45,31.66,2100000,21.46
2008-04-29,30.75,31.40,30.68,31.21,2427700,21.15
2008-04-28,31.55,31.61,31.24,31.40,1512200,21.28
2008-04-25,31.43,31.73,31.18,31.65,1702400,21.45
2008-04-24,30.72,31.33,30.59,31.14,1704500,21.11
2008-04-23,30.07,30.60,30.04,30.51,2122200,20.68
2008-04-22,31.00,31.02,30.51,30.65,1993700,20.77
2008-04-21,30.26,30.74,30.18,30.66,1827400,20.78
2008-04-18,31.36,31.38,30.98,31.15,2346800,21.11
2008-04-17,30.22,30.39,30.07,30.21,2809700,20.48
2008-04-16,30.35,30.77,30.20,30.66,2722900,20.78
2008-04-15,29.77,30.07,29.57,29.94,2709600,20.29
2008-04-14,29.80,30.31,29.61,30.05,6823500,20.37
2008-04-11,30.27,30.32,29.68,29.74,5371200,20.16
2008-04-10,31.33,31.54,31.00,31.36,1728200,21.26
2008-04-09,31.88,31.91,31.33,31.45,2364400,21.32
2008-04-08,31.49,31.58,31.10,31.34,1882100,21.24
2008-04-07,31.78,32.11,31.64,31.91,2154900,21.63
2008-04-04,31.79,31.85,31.21,31.57,3363000,21.40
2008-04-03,31.53,32.23,31.48,32.16,2961300,21.80
2008-04-02,31.02,31.51,30.80,31.28,4431100,21.20
2008-04-01,30.20,30.90,30.18,30.63,5407300,20.76
2008-03-31,30.00,30.12,29.48,29.51,7184700,20.00
2008-03-28,31.33,31.52,31.03,31.14,1718700,21.11
2008-03-27,31.44,31.69,30.83,31.29,2846700,21.21
2008-03-26,30.96,31.12,30.69,30.97,3041500,20.99
2008-03-25,30.56,30.64,30.00,30.47,3446600,20.65
2008-03-24,29.96,30.89,29.83,30.59,1945400,20.73
2008-03-20,29.60,30.08,29.47,30.00,3163000,20.33
2008-03-19,29.81,30.21,29.27,29.32,5162500,19.87
2008-03-18,30.65,31.19,30.62,31.01,3365700,21.02
2008-03-17,29.52,30.23,29.51,30.00,4158300,20.33
2008-03-14,31.24,31.35,30.04,30.18,3826500,20.46
2008-03-13,30.64,31.05,30.54,30.98,2866600,21.00
2008-03-12,30.99,31.33,30.85,30.92,3101500,20.96
2008-03-11,31.34,31.60,30.81,31.56,4150200,21.39
2008-03-10,30.80,30.86,30.29,30.40,1678000,20.60
2008-03-07,31.06,31.49,30.82,31.11,2032500,21.09
2008-03-06,31.50,31.56,31.16,31.21,1185200,21.15
2008-03-05,31.36,32.02,31.35,31.72,2123800,21.50
2008-03-04,31.43,31.61,30.93,31.33,3377700,21.24
2008-03-03,31.94,32.10,31.58,31.85,2258700,21.59
2008-02-29,32.37,32.53,32.03,32.23,2034100,21.85
2008-02-28,31.74,32.41,31.74,32.17,2603900,21.80
2008-02-27,32.56,32.77,32.40,32.53,3610300,22.05
2008-02-26,33.06,33.60,32.75,33.45,2917300,22.67
2008-02-25,32.44,32.78,32.14,32.70,3223800,22.16
2008-02-22,32.36,32.44,31.87,32.35,2701600,21.93
2008-02-21,32.55,32.60,32.05,32.15,4468400,21.79
2008-02-20,31.54,32.27,31.40,32.10,6884800,21.76
2008-02-19,33.46,33.50,32.89,32.96,5762800,22.34
2008-02-15,33.58,33.74,33.35,33.67,1954300,22.82
2008-02-14,34.58,34.63,34.01,34.09,3288900,23.11
2008-02-13,34.31,34.61,34.04,34.58,2075700,23.44
2008-02-12,34.29,34.90,34.16,34.61,2583400,23.46
2008-02-11,33.44,33.65,33.09,33.65,2955900,22.81
2008-02-08,33.71,34.00,33.55,33.80,2519400,22.91
2008-02-07,33.11,33.62,32.96,33.45,4043000,22.67
2008-02-06,33.91,34.21,33.58,33.71,2361300,22.85
2008-02-05,34.33,34.36,33.74,33.81,2405400,22.92
2008-02-04,34.95,35.26,34.87,35.11,2295300,23.80
2008-02-01,35.34,35.95,35.18,35.82,2459700,24.28
2008-01-31,33.92,35.19,33.92,34.85,4498400,23.62
2008-01-30,34.87,35.82,34.64,35.38,4781800,23.98
2008-01-29,34.53,34.68,34.23,34.39,4155000,23.31
2008-01-28,34.37,34.38,33.64,34.21,3429200,23.19
2008-01-25,35.16,35.31,34.33,34.45,4398400,23.35
2008-01-24,33.70,34.14,32.86,34.05,12036000,23.08
2008-01-23,31.91,33.50,31.27,33.34,6381600,22.60
2008-01-22,32.43,34.12,32.20,34.02,6241200,23.06
2008-01-18,35.44,35.72,34.32,34.76,6272600,23.56
2008-01-17,35.84,35.89,35.13,35.20,4765800,23.86
2008-01-16,35.99,36.07,35.12,35.36,4101700,23.97
2008-01-15,36.32,36.48,35.51,35.53,2345600,24.08
2008-01-14,36.20,36.26,35.66,35.81,2229200,24.27
2008-01-11,36.50,36.73,36.10,36.25,2141100,24.57
2008-01-10,36.96,37.53,36.87,37.26,3059300,25.25
2008-01-09,36.64,37.05,36.55,37.05,2276500,25.11
2008-01-08,37.85,38.27,36.93,37.00,4915100,25.08
2008-01-07,37.18,37.24,36.35,36.99,2534700,25.07
2008-01-04,37.14,37.21,36.32,36.40,1375000,24.67
2008-01-03,36.91,36.93,36.60,36.71,1179200,24.88
2008-01-02,37.29,37.37,36.55,36.80,2406800,24.94
2007-12-31,37.19,37.75,36.75,37.32,1278900,25.30
2007-12-28,37.55,37.68,37.25,37.61,2098400,25.49
2007-12-27,37.47,37.78,37.47,37.68,1363200,25.54
2007-12-26,37.21,37.65,36.76,37.56,859700,25.46
2007-12-24,38.04,38.04,37.14,37.47,647700,25.40
2007-12-21,37.36,37.55,37.23,37.52,2489800,25.43
2007-12-20,36.94,37.00,36.46,36.84,1994400,24.97
2007-12-19,36.39,36.78,36.19,36.38,1671900,24.66
2007-12-18,37.10,37.19,36.33,36.65,1837600,24.84
2007-12-17,36.57,36.62,36.00,36.03,1885600,24.42
2007-12-14,36.93,37.30,36.73,36.82,2037100,24.96
2007-12-13,37.28,37.45,36.84,37.17,2509300,25.19
2007-12-12,38.05,38.36,37.72,38.09,4556800,25.82
2007-12-11,37.49,37.57,36.43,36.44,4351400,24.70
2007-12-10,37.43,37.70,37.33,37.55,3363200,25.45
2007-12-07,37.35,38.18,37.22,37.66,2444400,25.53
2007-12-06,37.60,37.76,37.40,37.64,4278100,25.51
2007-12-05,37.75,38.05,37.64,37.81,3571400,25.63
2007-12-04,37.38,37.53,37.15,37.24,2428900,25.24
2007-12-03,37.60,37.68,37.41,37.61,4927800,25.49
2007-11-30,37.62,37.72,37.04,37.25,2798900,25.25
2007-11-29,37.73,37.78,37.31,37.50,4661100,25.42
2007-11-28,38.10,38.32,38.00,38.23,6842200,25.91
2007-11-27,37.07,37.61,36.97,37.60,1944300,25.49
2007-11-26,38.04,38.19,37.36,37.37,2423800,25.33
2007-11-23,38.37,38.52,38.17,38.38,1500000,26.01
2007-11-21,38.51,38.55,37.70,37.78,3595000,25.61
2007-11-20,38.64,39.43,38.50,39.10,3111300,26.50
2007-11-19,39.93,39.95,38.71,38.97,3104000,26.06
2007-11-16,39.04,39.61,38.90,39.42,2103900,26.37
2007-11-15,39.31,39.64,38.81,38.95,2921300,26.05
2007-11-14,39.79,39.82,38.98,38.98,2477100,26.07
2007-11-13,39.75,40.87,39.67,40.40,7182700,27.02
2007-11-12,37.26,37.68,36.62,36.80,5688700,24.61
2007-11-09,37.75,37.93,37.36,37.36,2480600,24.99
2007-11-08,38.05,38.60,37.75,38.39,2277500,25.68
2007-11-07,38.64,38.93,37.83,37.83,2611600,25.30
2007-11-06,39.27,39.36,38.79,39.33,2416400,26.31
2007-11-05,38.75,39.47,38.72,39.36,2854700,26.33
2007-11-02,38.16,38.63,37.95,38.44,6351400,25.71
2007-11-01,38.46,38.50,37.82,37.82,5745100,25.30
2007-10-31,39.18,39.55,38.95,39.27,5316400,26.27
2007-10-30,39.39,39.57,39.15,39.30,1271400,26.29
2007-10-29,39.55,40.17,39.32,39.95,2045600,26.72
2007-10-26,40.06,40.39,39.64,39.96,2779200,26.73
2007-10-25,38.65,39.06,38.44,38.74,5297700,25.91
2007-10-24,36.88,37.12,36.46,37.12,2078000,24.83
2007-10-23,36.88,36.90,36.40,36.50,3763300,24.41
2007-10-22,36.37,36.78,36.30,36.50,5276200,24.41
2007-10-19,36.22,36.52,35.80,35.81,2123000,23.95
2007-10-18,36.17,36.24,35.92,36.01,1474100,24.08
2007-10-17,36.05,36.14,35.72,35.96,2224700,24.05
2007-10-16,35.84,35.85,35.21,35.34,1442500,23.64
2007-10-15,36.25,36.39,35.97,36.11,1456000,24.15
2007-10-12,36.60,36.67,36.40,36.49,1424100,24.41
2007-10-11,36.22,36.82,36.22,36.39,2964500,24.34
2007-10-10,34.99,35.25,34.94,35.02,1545300,23.42
2007-10-09,34.87,35.27,34.76,35.27,2345500,23.59
2007-10-08,34.70,34.72,34.32,34.58,1715000,23.13
2007-10-05,34.83,35.04,34.68,34.97,1611800,23.39
2007-10-04,34.99,35.03,34.65,34.86,2470000,23.32
2007-10-03,34.94,35.36,34.81,34.98,2687800,23.40
2007-10-02,36.19,36.40,35.92,36.14,2592500,24.17
2007-10-01,36.49,36.97,36.49,36.79,2799200,24.61
2007-09-28,36.32,36.39,35.94,36.30,3766300,24.28
2007-09-27,36.07,36.52,35.95,36.52,3258800,24.43
2007-09-26,35.76,35.86,35.58,35.64,2971500,23.84
2007-09-25,34.80,35.39,34.78,35.39,2897000,23.67
2007-09-24,35.20,35.32,34.99,35.16,1974100,23.52
2007-09-21,34.93,35.23,34.79,35.15,3049800,23.51
2007-09-20,33.98,34.78,33.93,34.59,1759400,23.14
2007-09-19,33.72,34.08,33.66,33.88,4037700,22.66
2007-09-18,33.49,34.19,33.26,34.02,1490300,22.75
2007-09-17,33.62,33.82,33.27,33.45,3698600,22.37
2007-09-14,33.98,34.42,33.86,34.15,1645700,22.84
2007-09-13,34.52,34.73,34.30,34.42,1614600,23.02
2007-09-12,33.70,34.01,33.62,33.75,3216600,22.57
2007-09-11,32.98,33.52,32.97,33.51,3362000,22.41
2007-09-10,32.61,32.61,32.10,32.35,2076600,21.64
2007-09-07,32.43,32.78,32.32,32.65,3876900,21.84
2007-09-06,32.29,32.60,32.02,32.51,1591400,21.74
2007-09-05,32.46,32.49,32.17,32.39,921900,21.66
2007-09-04,32.32,33.00,32.24,32.87,960900,21.98
2007-08-31,32.42,32.62,32.13,32.40,3673000,21.67
2007-08-30,31.72,32.13,31.68,31.83,1256800,21.29
2007-08-29,31.68,32.14,31.65,32.12,1577100,21.48
2007-08-28,31.69,31.79,30.93,30.97,1492100,20.71
2007-08-27,31.85,31.90,31.59,31.63,1228400,21.16
2007-08-24,31.64,32.04,31.62,32.03,1146000,21.42
2007-08-23,31.61,31.69,31.37,31.51,1706100,21.08
2007-08-22,31.09,31.43,30.93,31.25,1662500,20.90
2007-08-21,30.82,31.41,30.79,31.29,1789000,20.93
2007-08-20,31.12,31.23,30.76,31.02,1576600,20.75
2007-08-17,31.23,31.33,30.58,30.83,1845300,20.62
2007-08-16,30.50,30.75,29.13,30.30,3641000,20.27
2007-08-15,31.58,31.80,31.08,31.12,1530400,20.81
2007-08-14,32.39,32.58,31.66,31.70,4001600,21.20
2007-08-13,31.66,32.38,31.47,32.02,2800800,21.42
2007-08-10,31.26,31.49,30.75,31.28,2749500,20.92
2007-08-09,32.59,33.00,32.29,32.30,1779900,21.60
2007-08-08,32.98,33.44,32.88,33.08,3477700,22.13
2007-08-07,32.06,32.70,31.90,32.52,2249900,21.75
2007-08-06,31.78,32.00,31.51,31.93,2797700,21.36
2007-08-03,32.08,32.41,31.63,31.69,3411400,21.20
2007-08-02,31.73,32.17,31.65,32.15,2668800,21.50
2007-08-01,30.92,31.18,30.50,31.02,3920600,20.75
2007-07-31,30.61,30.78,30.29,30.35,1927900,20.30
2007-07-30,30.28,30.66,30.12,30.43,2094200,20.35
2007-07-27,31.02,31.25,30.61,30.64,2737200,20.49
2007-07-26,31.47,31.54,30.33,30.60,3665700,20.47
2007-07-25,32.75,32.78,32.09,32.32,3120800,21.62
2007-07-24,32.82,32.89,32.01,32.09,2385300,21.46
2007-07-23,33.22,33.30,33.14,33.17,1567200,22.19
2007-07-20,33.36,33.54,33.14,33.26,2480300,22.25
2007-07-19,33.35,33.47,33.25,33.46,2576400,22.38
2007-07-18,32.97,33.14,32.78,33.07,5386700,22.12
2007-07-17,33.38,33.60,33.32,33.51,1634500,22.41
2007-07-16,33.25,33.46,33.06,33.15,2294000,22.17
2007-07-13,33.55,33.76,33.33,33.52,1844400,22.42
2007-07-12,33.06,33.46,33.00,33.46,1708800,22.38
2007-07-11,32.99,33.07,32.83,33.07,3031100,22.12
2007-07-10,33.27,33.48,32.79,32.83,2847100,21.96
2007-07-09,33.60,33.87,33.60,33.83,2424200,22.63
2007-07-06,32.91,33.19,32.83,33.08,1362300,22.13
2007-07-05,33.02,33.19,32.75,32.90,2486200,22.00
2007-07-03,33.60,33.69,33.51,33.68,1424600,22.53
2007-07-02,33.27,33.67,33.25,33.55,2460800,22.44
2007-06-29,33.68,33.87,33.44,33.63,2346200,22.49
2007-06-28,33.68,33.84,33.24,33.40,2995800,22.34
2007-06-27,32.66,33.08,32.58,33.07,2778000,22.12
2007-06-26,32.31,32.35,32.00,32.06,2771500,21.44
2007-06-25,31.37,31.69,31.29,31.47,3257200,21.05
2007-06-22,31.38,31.55,31.15,31.25,2572400,20.90
2007-06-21,31.42,31.60,31.28,31.51,2745200,21.08
2007-06-20,31.87,31.95,31.54,31.63,2680700,21.16
2007-06-19,31.83,31.91,31.74,31.85,2488400,21.30
2007-06-18,32.26,32.37,32.16,32.31,2130500,21.61
2007-06-15,32.17,32.38,32.06,32.19,2310600,21.53
2007-06-14,31.80,32.20,31.76,32.17,2988100,21.52
2007-06-13,31.34,31.50,31.22,31.46,3226100,21.04
2007-06-12,31.41,31.46,31.05,31.18,3052900,20.85
2007-06-11,31.13,31.39,31.07,31.29,3281700,20.93
2007-06-08,31.34,31.76,31.19,31.74,4204600,21.23
2007-06-07,31.14,31.69,31.10,31.24,5127600,20.89
2007-06-06,31.51,31.53,31.03,31.31,4125800,20.94
2007-06-05,32.56,32.60,32.12,32.15,3658100,20.92
2007-06-04,32.40,32.52,32.27,32.52,2668900,21.16
2007-06-01,31.95,32.56,31.86,32.24,2738700,20.98
2007-05-31,31.47,31.88,31.23,31.43,2608900,20.45
2007-05-30,31.37,31.89,31.37,31.83,3379100,20.71
2007-05-29,31.57,32.03,31.53,31.70,5555500,20.63
2007-05-25,30.40,30.64,30.16,30.56,4162000,19.89
2007-05-24,30.57,30.67,30.22,30.36,5812400,19.76
2007-05-23,30.04,30.19,29.75,29.76,5787300,19.36
2007-05-22,28.92,28.96,28.70,28.75,4028500,18.71
2007-05-21,28.70,28.95,28.70,28.85,2169200,18.77
2007-05-18,28.65,28.89,28.64,28.79,2015400,18.73
2007-05-17,28.36,28.51,28.26,28.42,4779100,18.49
2007-05-16,28.46,28.65,28.36,28.65,2733700,18.64
2007-05-15,28.24,28.81,28.20,28.60,2415400,18.61
2007-05-14,28.21,28.50,28.13,28.43,2728600,18.50
2007-05-11,28.32,28.41,28.16,28.41,1926000,18.49
2007-05-10,28.14,28.44,28.10,28.16,3883900,18.32
2007-05-09,28.59,28.66,28.25,28.50,3160700,18.54
2007-05-08,28.78,28.81,28.63,28.81,1585100,18.75
2007-05-07,29.00,29.10,28.97,29.04,699200,18.90
2007-05-04,28.97,29.07,28.90,28.98,2928800,18.86
2007-05-03,28.83,28.83,28.47,28.65,1411900,18.64
2007-05-02,28.60,28.94,28.60,28.90,2404500,18.81
2007-05-01,28.88,28.93,28.61,28.88,3601200,18.79
2007-04-30,28.82,28.95,28.70,28.73,3872000,18.69
2007-04-27,28.73,28.97,28.65,28.78,1014800,18.73
2007-04-26,28.70,28.75,28.49,28.60,1080900,18.61
2007-04-25,28.42,28.70,28.25,28.68,1478500,18.66
2007-04-24,28.37,28.53,28.25,28.40,1830500,18.48
2007-04-23,28.70,28.73,28.55,28.61,2143200,18.62
2007-04-20,28.60,28.93,28.59,28.92,4167300,18.82
2007-04-19,27.82,28.32,27.80,28.11,1865700,18.29
2007-04-18,27.81,28.12,27.79,28.05,2204000,18.25
2007-04-17,28.28,28.31,28.17,28.29,1856200,18.41
2007-04-16,27.77,27.99,27.77,27.99,2196400,18.21
2007-04-13,27.36,27.68,27.27,27.60,1638100,17.96
2007-04-12,27.39,27.53,27.24,27.47,2406500,17.87
2007-04-11,27.67,27.76,27.28,27.32,1490500,17.78
2007-04-10,27.40,27.64,27.26,27.37,1531700,17.81
2007-04-09,26.93,27.12,26.88,27.00,1045400,17.57
2007-04-05,27.08,27.10,26.88,27.00,5099000,17.57
2007-04-04,27.25,27.31,27.15,27.22,2384700,17.71
2007-04-03,27.17,27.43,27.11,27.23,2383700,17.72
2007-04-02,27.23,27.29,27.00,27.21,1667700,17.71
2007-03-30,26.76,26.94,26.32,26.86,4893300,17.48
2007-03-29,27.88,27.98,27.66,27.89,1559600,18.15
2007-03-28,27.82,27.93,27.57,27.58,1588300,17.95
2007-03-27,27.82,27.98,27.74,27.83,1919500,18.11
2007-03-26,27.96,27.99,27.55,27.91,1201100,18.16
2007-03-23,27.93,27.95,27.67,27.72,1710500,18.04
2007-03-22,28.33,28.39,28.12,28.14,2264000,18.31
2007-03-21,28.11,28.63,28.00,28.51,2870700,18.55
2007-03-20,27.58,28.08,27.48,27.87,2944500,18.13
2007-03-19,27.53,27.79,27.47,27.53,3407900,17.91
2007-03-16,27.07,27.35,26.99,27.00,2518700,17.57
2007-03-15,26.45,27.32,25.96,26.65,2192400,17.34
2007-03-14,26.07,26.45,25.94,26.44,1781900,17.20
2007-03-13,26.95,27.14,26.37,26.43,2788100,17.20
2007-03-12,26.83,27.12,26.79,27.08,3307900,17.62
2007-03-09,27.25,27.30,26.96,27.04,1421300,17.59
2007-03-08,26.87,27.09,26.74,26.92,1322400,17.52
2007-03-07,26.43,26.75,26.41,26.59,1434500,17.30
2007-03-06,26.49,26.63,26.28,26.50,2887100,17.24
2007-03-05,26.36,26.63,26.11,26.17,1853800,17.03
2007-03-02,26.98,27.11,26.89,26.91,2908400,17.51
2007-03-01,27.25,27.55,26.93,27.37,2955800,17.81
2007-02-28,27.95,28.06,27.72,27.90,3437500,18.15
2007-02-27,28.45,28.50,27.40,27.74,2755300,18.05
2007-02-26,28.71,28.99,28.69,28.86,1482000,18.78
2007-02-23,28.69,28.85,28.60,28.81,1501200,18.75
2007-02-22,28.55,28.78,28.55,28.78,2387900,18.73
2007-02-21,28.99,29.00,28.74,28.86,3197100,18.78
2007-02-20,29.51,29.60,29.35,29.55,1185300,19.23
2007-02-16,29.04,29.24,29.00,29.22,2524300,19.01
2007-02-15,29.19,29.36,29.12,29.32,1178500,19.08
2007-02-14,29.24,29.59,29.22,29.51,1537400,19.20
2007-02-13,29.52,29.52,28.98,29.31,2074700,19.07
2007-02-12,29.58,29.84,29.40,29.53,2660500,19.22
2007-02-09,29.11,29.15,28.91,28.95,1830700,18.84
2007-02-08,29.68,29.68,29.49,29.51,1424900,19.20
2007-02-07,29.80,29.85,29.63,29.72,1322400,19.34
2007-02-06,29.39,29.53,29.36,29.49,1458800,19.19
2007-02-05,28.99,29.30,28.95,29.28,3894000,19.05
2007-02-02,29.37,29.37,29.02,29.22,2855200,19.01
2007-02-01,29.42,29.72,29.39,29.65,3212400,19.29
2007-01-31,29.17,29.45,28.98,29.39,2708100,19.12
2007-01-30,28.93,29.00,28.81,28.91,1664800,18.81
2007-01-29,29.01,29.28,28.96,29.00,2289200,18.87
2007-01-26,29.33,29.35,29.15,29.28,1115000,19.05
2007-01-25,29.79,29.85,29.24,29.28,2509100,19.05
2007-01-24,29.44,29.73,29.36,29.70,3274900,19.33
2007-01-23,29.44,29.70,29.44,29.52,2737700,19.21
2007-01-22,29.50,29.65,29.38,29.46,3466900,19.17
2007-01-19,28.94,29.31,28.93,29.28,1426600,19.05
2007-01-18,29.39,29.40,29.00,29.03,2509500,18.89
2007-01-17,29.28,29.46,29.26,29.35,1888400,19.10
2007-01-16,29.29,29.36,29.12,29.14,1476200,18.96
2007-01-12,29.17,29.38,29.14,29.27,3266200,19.05
2007-01-11,28.77,29.11,28.75,29.00,6833600,18.87
2007-01-10,28.60,28.60,28.16,28.25,2590600,18.38
2007-01-09,29.04,29.37,28.82,29.08,3478000,18.92
2007-01-08,28.23,28.76,28.03,28.64,3427600,18.64
2007-01-05,28.55,28.62,28.12,28.18,2853200,18.34
2007-01-04,28.46,29.00,28.42,28.95,5313800,18.84
2007-01-03,28.22,28.37,28.05,28.24,3563700,18.38
2006-12-29,28.00,28.15,27.44,27.78,1992700,18.08
2006-12-28,27.89,27.98,27.77,27.80,3534300,18.09
2006-12-27,27.90,27.99,27.79,27.95,1346300,18.19
2006-12-26,27.82,27.99,27.70,27.90,1114900,18.15
2006-12-22,28.18,28.18,27.64,27.72,2235800,18.04
2006-12-21,28.00,28.25,27.92,28.11,3728000,18.29
2006-12-20,28.89,29.00,28.51,28.55,1840400,18.58
2006-12-19,28.21,28.57,28.21,28.48,2135900,18.53
2006-12-18,28.34,28.43,28.16,28.19,2059600,18.34
2006-12-15,28.43,28.57,28.28,28.39,2575600,18.47
2006-12-14,28.36,28.46,28.29,28.43,3082900,18.50
2006-12-13,28.20,28.31,28.06,28.25,6039400,18.38
2006-12-12,27.62,27.80,27.42,27.74,4209600,18.05
2006-12-11,27.10,27.17,27.03,27.09,2954100,17.63
2006-12-08,27.24,27.36,27.04,27.10,4628600,17.63
2006-12-07,26.92,27.05,26.83,27.03,3528600,17.59
2006-12-06,27.09,27.09,26.75,26.83,2007100,17.46
2006-12-05,27.30,27.33,27.20,27.25,3961900,17.73
2006-12-04,26.60,26.83,26.57,26.83,2185000,17.46
2006-12-01,26.52,26.59,26.20,26.33,2168600,17.13
2006-11-30,26.42,26.50,26.20,26.36,3713900,17.15
2006-11-29,26.26,26.31,26.14,26.20,2144300,17.05
2006-11-28,25.75,25.98,25.73,25.95,1886300,16.89
2006-11-27,26.06,26.09,25.79,25.85,1818600,16.82
2006-11-24,25.94,26.44,25.94,26.24,941900,17.07
2006-11-22,25.80,25.93,25.57,25.74,1664600,16.75
2006-11-21,25.82,25.82,25.66,25.79,2411900,16.78
2006-11-20,26.20,26.35,26.06,26.20,2512900,16.76
2006-11-17,26.08,26.25,26.01,26.23,2071500,16.78
2006-11-16,26.28,26.43,26.26,26.38,3372200,16.87
2006-11-15,26.25,26.47,26.22,26.40,4464300,16.89
2006-11-14,25.88,26.02,25.57,26.01,4082400,16.64
2006-11-13,25.91,26.00,25.88,25.95,2859900,16.60
2006-11-10,25.91,25.92,25.76,25.79,2272000,16.50
2006-11-09,25.50,25.60,25.43,25.52,5194400,16.32
2006-11-08,25.09,25.25,25.04,25.20,2054700,16.12
2006-11-07,25.40,25.47,25.26,25.30,1715100,16.18
2006-11-06,25.34,25.59,25.31,25.56,1689800,16.35
2006-11-03,25.62,25.66,25.33,25.34,3037800,16.21
2006-11-02,25.59,25.95,25.53,25.94,4847000,16.59
2006-11-01,25.95,25.98,25.74,25.78,2183600,16.49
2006-10-31,25.94,25.95,25.75,25.85,2613700,16.53
2006-10-30,25.55,25.61,25.45,25.50,2473800,16.31
2006-10-27,25.58,25.61,25.26,25.31,1960800,16.19
2006-10-26,25.36,25.39,25.00,25.22,2795900,16.13
2006-10-25,24.42,24.83,24.42,24.69,2309700,15.79
2006-10-24,24.12,24.43,24.10,24.33,2841200,15.56
2006-10-23,23.89,24.25,23.85,24.18,3553600,15.47
2006-10-20,24.25,24.29,24.09,24.28,1116000,15.53
2006-10-19,23.97,24.20,23.93,24.17,1092100,15.46
2006-10-18,24.17,24.20,23.88,24.05,1424100,15.38
2006-10-17,23.98,24.15,23.92,24.13,1200400,15.43
2006-10-16,24.19,24.28,24.05,24.20,1452400,15.48
2006-10-13,24.40,24.46,24.21,24.30,2914500,15.54
2006-10-12,24.12,24.25,23.92,24.22,2027900,15.49
2006-10-11,23.95,24.38,23.94,24.03,2339500,15.37
2006-10-10,24.07,24.07,23.80,24.01,3800200,15.36
2006-10-09,23.62,23.69,23.43,23.49,1871300,15.02
2006-10-06,23.38,23.66,23.33,23.65,3269800,15.13
2006-10-05,23.75,23.75,23.55,23.74,1494900,15.18
2006-10-04,23.72,24.12,23.69,24.12,3684200,15.43
2006-10-03,23.01,23.21,23.00,23.19,1737000,14.83
2006-10-02,22.62,22.80,22.61,22.74,1107000,14.54
2006-09-29,22.90,22.93,22.74,22.86,1160100,14.62
2006-09-28,22.75,22.87,22.68,22.83,1563600,14.60
2006-09-27,22.69,22.87,22.66,22.82,2522200,14.60
2006-09-26,22.40,22.58,22.28,22.53,3974400,14.41
2006-09-25,22.05,22.21,21.88,22.13,1626200,14.15
2006-09-22,21.92,22.05,21.80,21.94,1803000,14.03
2006-09-21,22.10,22.18,21.90,21.99,1834400,14.07
2006-09-20,21.64,21.72,21.59,21.70,1175700,13.88
2006-09-19,21.59,21.60,21.40,21.55,1553000,13.78
2006-09-18,21.72,21.91,21.69,21.85,2113400,13.98
2006-09-15,21.83,21.92,21.67,21.85,2798400,13.98
2006-09-14,22.03,22.05,21.85,21.90,3446300,14.01
2006-09-13,22.16,22.20,22.07,22.15,6774100,14.17
2006-09-12,21.70,22.13,21.68,22.11,2445500,14.14
2006-09-11,21.30,21.49,21.29,21.48,1812400,13.74
2006-09-08,21.07,21.24,21.04,21.23,1129800,13.58
2006-09-07,21.03,21.19,20.92,21.11,3767300,13.50
2006-09-06,21.52,21.58,21.43,21.46,1075800,13.73
2006-09-05,21.72,21.81,21.60,21.78,1188100,13.93
2006-09-01,21.64,21.98,21.62,21.86,1399300,13.98
2006-08-31,21.72,21.78,21.59,21.69,1338300,13.87
2006-08-30,21.70,21.96,21.64,21.95,2170700,14.04
2006-08-29,21.50,21.57,21.36,21.55,1642700,13.78
2006-08-28,21.10,21.40,21.10,21.39,1338500,13.68
2006-08-25,21.07,21.33,21.06,21.26,1141800,13.60
2006-08-24,21.06,21.07,20.89,21.02,1156000,13.44
2006-08-23,20.76,20.95,20.73,20.91,1759000,13.37
2006-08-22,20.81,20.87,20.64,20.73,2980500,13.26
2006-08-21,20.98,21.04,20.78,20.85,3474200,13.34
2006-08-18,20.58,20.90,20.50,20.86,3573500,13.34
2006-08-17,20.78,20.93,20.73,20.88,4879900,13.36
2006-08-16,20.82,20.97,20.71,20.97,4603600,13.41
2006-08-15,21.06,21.11,20.89,21.08,3589000,13.48
2006-08-14,20.47,20.85,20.46,20.63,2812000,13.20
2006-08-11,20.66,20.99,20.40,20.70,3514100,13.24
2006-08-10,21.48,21.51,21.05,21.20,3651000,13.56
2006-08-09,21.90,22.28,21.89,21.96,1278200,14.05
2006-08-08,22.00,22.08,21.75,21.76,1701200,13.92
2006-08-07,22.03,22.13,21.87,22.03,1997600,14.09
2006-08-04,22.15,22.34,21.97,22.09,2284800,14.13
2006-08-03,21.80,21.87,21.52,21.74,1554000,13.91
2006-08-02,21.43,21.83,21.38,21.79,2284800,13.94
2006-08-01,21.45,21.57,21.22,21.51,2198200,13.76
2006-07-31,22.26,22.26,21.56,21.68,2377000,13.87
2006-07-28,21.78,22.27,21.70,22.21,2991500,16.24
2006-07-27,21.50,21.58,21.33,21.37,1352100,15.62
2006-07-26,21.32,21.56,21.06,21.52,1399300,15.73
2006-07-25,21.40,21.50,21.14,21.33,1914500,15.59
2006-07-24,21.17,21.36,21.15,21.35,2170200,15.61
2006-07-21,20.64,20.78,20.50,20.62,1099900,15.07
2006-07-20,20.83,21.11,20.68,20.89,2760400,15.27
2006-07-19,20.38,21.03,20.37,20.99,4353800,15.34
2006-07-18,20.43,20.55,20.07,20.27,1580000,14.82
2006-07-17,20.36,20.37,20.18,20.37,1264600,14.89
2006-07-14,20.83,20.87,20.48,20.64,1018400,15.09
2006-07-13,20.89,20.99,20.73,20.78,1757700,15.19
2006-07-12,21.62,21.68,21.28,21.32,1907200,15.58
2006-07-11,21.68,21.81,21.55,21.78,2549800,15.92
2006-07-10,21.87,22.12,21.85,21.94,1176900,16.04
2006-07-07,21.84,21.99,21.70,21.85,1900000,15.97
2006-07-06,21.87,22.13,21.85,22.01,1411500,16.09
2006-07-05,21.62,21.75,21.46,21.71,1783900,15.87
2006-07-03,21.60,21.75,21.53,21.67,748700,15.84
2006-06-30,21.30,21.41,21.08,21.30,2093300,15.57
2006-06-29,20.79,21.29,20.79,21.24,1734400,15.53
2006-06-28,20.61,20.71,20.48,20.63,2072700,15.08
2006-06-27,20.76,20.83,20.48,20.56,1719200,15.03
2006-06-26,20.92,21.13,20.88,21.13,1402300,15.45
2006-06-23,20.65,20.99,20.62,20.84,1087900,15.23
2006-06-22,21.06,21.13,20.86,20.99,1205800,15.34
2006-06-21,21.00,21.24,20.97,21.10,1436400,15.42
2006-06-20,21.10,21.15,20.90,20.94,1404600,15.31
2006-06-19,21.16,21.26,21.00,21.08,1601500,15.41
2006-06-16,21.33,21.45,21.17,21.27,1264500,15.55
2006-06-15,21.36,21.59,21.27,21.55,2601700,15.75
2006-06-14,21.07,21.23,20.80,20.99,2177700,15.34
2006-06-13,21.23,21.38,20.85,20.99,2193100,15.34
2006-06-12,21.73,21.79,21.50,21.54,1590200,15.75
2006-06-09,22.15,22.28,22.00,22.04,1612200,16.11
2006-06-08,21.99,22.15,21.64,22.11,2115600,16.16
2006-06-07,22.60,22.88,22.43,22.61,1635000,16.53
2006-06-06,23.08,23.16,22.84,23.01,2661400,16.82
2006-06-05,23.65,23.65,23.16,23.17,2759800,16.94
2006-06-02,23.92,23.98,23.78,23.96,5478400,17.51
2006-06-01,23.08,23.45,23.00,23.42,3357900,17.12
2006-05-31,23.06,23.26,22.89,23.00,3273000,16.81
2006-05-30,22.90,22.96,22.45,22.54,3502300,16.48
2006-05-26,22.31,22.45,22.02,22.29,3168000,16.29
2006-05-25,21.93,22.22,21.79,22.19,2287300,16.22
2006-05-24,21.40,21.56,21.20,21.53,3558200,15.74
2006-05-23,22.31,22.47,21.67,21.70,3418100,15.86
2006-05-22,22.52,22.68,21.93,22.18,4232600,16.21
2006-05-19,22.90,22.99,22.73,22.89,1544600,16.73
2006-05-18,23.54,23.62,23.02,23.04,1260800,16.84
2006-05-17,23.64,23.70,22.96,23.03,2799200,16.83
2006-05-16,23.98,24.03,23.54,23.68,4620700,17.31
2006-05-15,23.65,23.88,23.38,23.50,1786800,17.18
2006-05-12,23.79,23.80,23.28,23.33,1761800,17.05
2006-05-11,24.04,24.04,23.80,23.83,1210700,17.42
2006-05-10,24.10,24.25,24.04,24.17,1955000,17.67
2006-05-09,24.24,24.40,24.17,24.23,2449800,17.71
2006-05-08,23.69,23.73,23.37,23.44,1236600,17.13
2006-05-05,23.62,23.83,23.57,23.80,2279100,17.40
2006-05-04,23.24,23.28,23.04,23.15,1694300,16.92
2006-05-03,23.20,23.24,23.06,23.19,1941000,16.95
2006-05-02,23.79,23.80,23.33,23.45,3062100,17.14
2006-05-01,23.71,24.07,23.71,23.87,3062500,17.45
2006-04-28,23.61,23.76,23.52,23.70,3152100,17.32
2006-04-27,23.04,23.50,23.04,23.39,3020100,17.10
2006-04-26,22.88,22.94,22.71,22.77,2208100,16.64
2006-04-25,22.70,22.75,22.45,22.49,1405500,16.44
2006-04-24,22.70,22.73,22.47,22.63,2339300,16.54
2006-04-21,22.83,22.91,22.65,22.72,1201400,16.61
2006-04-20,22.70,22.75,22.57,22.71,2093200,16.60
2006-04-19,22.80,22.88,22.73,22.87,2052500,16.72
2006-04-18,22.59,22.98,22.53,22.95,1841800,16.78
2006-04-17,22.75,22.75,22.31,22.50,1650400,16.45
2006-04-13,22.21,22.49,22.21,22.40,2413400,16.37
2006-04-12,22.20,22.24,21.65,21.91,3651000,16.02
2006-04-11,22.00,22.10,21.50,21.51,2004400,15.72
2006-04-10,22.14,22.14,21.64,21.96,2050700,16.05
2006-04-07,21.97,22.08,21.59,21.96,3640700,16.05
2006-04-06,21.81,21.85,21.58,21.75,1551700,15.90
2006-04-05,21.84,21.95,21.53,21.74,2339400,15.89
2006-04-04,21.40,21.57,21.30,21.40,1716000,15.64
2006-04-03,20.98,21.22,20.90,21.07,1724700,15.40
2006-03-31,20.84,21.04,20.82,20.90,2466700,15.28
2006-03-30,21.25,21.42,21.15,21.37,3050100,15.62
2006-03-29,21.24,21.26,20.97,21.24,3722000,15.53
2006-03-28,21.15,21.15,20.69,20.71,5965000,15.14
2006-03-27,21.75,21.81,21.17,21.35,5104200,15.61
2006-03-24,21.65,21.84,21.62,21.74,3299300,15.89
2006-03-23,22.30,22.33,21.93,21.97,2248200,16.06
2006-03-22,22.35,22.37,22.20,22.28,2721000,16.29
2006-03-21,22.54,22.73,22.37,22.37,2878900,16.35
2006-03-20,22.36,22.45,22.26,22.35,2304300,16.34
2006-03-17,22.91,22.94,22.47,22.51,4944900,16.45
2006-03-16,22.71,22.97,22.71,22.74,3790700,16.62
2006-03-15,22.20,22.62,22.00,22.60,3306700,16.52
2006-03-14,22.56,22.65,22.26,22.65,4049400,16.56
2006-03-13,22.35,22.63,22.35,22.56,6143000,16.49
2006-03-10,21.40,21.59,21.40,21.52,1433100,15.73
2006-03-09,21.37,21.57,21.35,21.42,2345000,15.66
2006-03-08,21.36,21.40,21.20,21.36,4779300,15.61
2006-03-07,21.79,21.82,21.38,21.52,4576800,15.73
2006-03-06,22.51,22.59,21.76,21.90,16555900,16.01
2006-03-03,19.83,21.70,19.78,21.00,18793800,15.35
2006-03-02,19.52,19.68,19.44,19.68,4099100,14.39
2006-03-01,19.62,19.69,19.51,19.55,4812500,14.29
2006-02-28,19.29,19.38,19.07,19.32,10112500,14.12
2006-02-27,19.75,19.84,19.51,19.56,5056500,14.30
2006-02-24,20.47,20.57,20.33,20.51,2333400,14.99
2006-02-23,20.50,20.63,20.41,20.50,2950200,14.99
2006-02-22,20.70,20.71,20.46,20.67,6000900,15.11
2006-02-21,21.18,21.20,20.90,20.94,3369000,15.31
2006-02-17,21.73,21.87,21.65,21.81,5209100,15.94
2006-02-16,21.26,21.69,21.25,21.57,7104900,15.77
2006-02-15,20.92,21.01,20.80,20.95,2259100,15.31
2006-02-14,20.94,21.21,20.91,21.21,2407800,15.50
2006-02-13,20.81,20.95,20.68,20.80,2588900,15.20
2006-02-10,21.07,21.17,20.99,21.11,3955300,15.43
2006-02-09,20.91,21.00,20.81,20.97,3123400,15.33
2006-02-08,20.52,20.67,20.41,20.67,1855700,15.11
2006-02-07,20.40,20.41,20.08,20.15,2063700,14.73
2006-02-06,20.22,20.44,20.18,20.43,2928400,14.93
2006-02-03,20.64,20.67,20.53,20.62,1970300,15.07
2006-02-02,20.91,20.92,20.71,20.77,5471300,15.18
2006-02-01,20.84,20.93,20.76,20.91,2829700,15.29
2006-01-31,20.95,21.17,20.92,21.11,3364100,15.43
2006-01-30,21.30,21.40,21.20,21.32,1454500,15.58
2006-01-27,21.55,21.67,21.43,21.55,2255400,15.75
2006-01-26,21.50,21.78,21.48,21.68,15458300,15.85
2006-01-25,21.27,21.58,21.27,21.50,3724900,15.72
2006-01-24,21.13,21.17,21.02,21.10,3460300,15.42
2006-01-23,21.35,21.74,21.28,21.56,3430700,15.76
2006-01-20,21.24,21.24,20.64,20.86,6619800,15.25
2006-01-19,21.36,21.57,21.26,21.45,3680000,15.68
2006-01-18,21.84,22.02,21.76,21.91,3224600,16.02
2006-01-17,21.96,21.98,21.73,21.93,2565500,16.03
2006-01-13,22.44,22.60,22.32,22.55,2527400,16.48
2006-01-12,22.60,22.83,22.51,22.68,2384900,16.58
2006-01-11,23.12,23.16,22.69,22.77,2557100,16.64
2006-01-10,22.90,23.21,22.88,22.96,2381500,16.78
2006-01-09,23.19,23.23,23.05,23.11,2434700,16.89
2006-01-06,23.01,23.60,23.00,23.39,5503500,17.10
2006-01-05,22.43,22.58,22.38,22.56,1913600,16.49
2006-01-04,22.47,22.55,22.42,22.55,1852000,16.48
2006-01-03,22.04,22.26,21.99,22.17,3474800,16.21
2005-12-30,21.44,21.57,21.37,21.47,1425400,15.69
2005-12-29,21.71,21.80,21.64,21.64,1433100,15.82
2005-12-28,21.67,21.70,21.53,21.58,2585000,15.77
2005-12-27,21.32,21.46,21.32,21.40,1808500,15.64
2005-12-23,21.41,21.51,21.34,21.41,1846600,15.65
2005-12-22,21.58,21.59,21.41,21.50,2233800,15.72
2005-12-21,21.59,21.61,21.24,21.38,2421100,15.63
2005-12-20,21.50,21.85,21.47,21.61,3518100,15.80
2005-12-19,21.52,21.62,21.41,21.43,2904000,15.67
2005-12-16,21.93,22.02,21.75,21.79,3076100,15.93
2005-12-15,22.22,22.27,21.96,22.03,2617700,16.10
2005-12-14,22.23,22.45,22.23,22.32,2555200,16.32
2005-12-13,21.96,22.18,21.94,22.09,4227800,16.15
2005-12-12,22.48,22.76,22.46,22.66,1833600,16.56
2005-12-09,22.56,22.63,22.47,22.58,2251000,16.51
2005-12-08,22.72,22.78,22.39,22.47,3217900,16.43
2005-12-07,22.30,22.35,22.16,22.26,2798100,16.27
2005-12-06,21.90,21.98,21.83,21.83,5043800,15.96
2005-12-05,21.26,21.81,21.26,21.71,3254700,15.87
2005-12-02,21.44,21.45,21.15,21.29,4154800,15.56
2005-12-01,21.77,21.85,21.71,21.75,4698700,15.90
2005-11-30,21.73,21.77,21.53,21.55,10341100,15.75
2005-11-29,21.69,21.84,21.61,21.75,14037800,15.90
2005-11-28,21.67,21.84,21.55,21.74,3809200,15.89
2005-11-25,22.18,22.19,21.96,21.99,1775700,16.07
2005-11-23,21.80,21.94,21.72,21.92,4191300,16.02
2005-11-22,21.44,21.58,21.20,21.58,4421100,15.77
2005-11-21,21.66,21.73,21.52,21.68,6197100,15.57
2005-11-18,22.08,22.10,21.73,21.78,9483300,15.64
2005-11-17,22.19,22.20,21.86,22.00,7264600,15.80
2005-11-16,21.94,22.13,21.90,22.00,10222900,15.80
2005-11-15,22.53,22.82,22.16,22.20,15377100,15.94
2005-11-14,25.18,25.30,25.12,25.15,3268100,18.06
2005-11-11,25.47,25.53,25.38,25.47,3485000,18.29
2005-11-10,25.91,26.02,25.66,25.89,3172500,18.59
2005-11-09,25.82,26.29,25.76,26.22,1873300,18.83
2005-11-08,26.50,26.55,26.31,26.42,2022000,18.97
2005-11-07,26.14,26.31,26.07,26.26,1862100,18.86
2005-11-04,26.32,26.32,25.92,26.10,1127700,18.74
2005-11-03,26.78,26.86,26.55,26.57,2027800,19.08
2005-11-02,26.29,26.69,26.29,26.65,1121300,19.14
2005-11-01,26.47,26.48,26.27,26.34,1172300,18.92
2005-10-31,26.00,26.40,25.94,26.26,3032200,18.86
2005-10-28,25.37,25.60,25.30,25.56,1161400,18.36
2005-10-27,25.30,25.32,24.97,25.05,1654800,17.99
2005-10-26,25.29,25.40,25.08,25.14,1015900,18.05
2005-10-25,25.38,25.66,25.37,25.46,1698800,18.28
2005-10-24,25.29,25.39,25.17,25.35,1970300,18.20
2005-10-21,25.17,25.24,24.98,25.00,4800300,17.95
2005-10-20,25.22,25.32,24.79,24.87,4209600,17.86
2005-10-19,25.34,25.71,25.15,25.65,1513600,18.42
2005-10-18,25.62,25.62,25.42,25.46,1376000,18.28
2005-10-17,25.73,25.77,25.57,25.69,970500,18.45
2005-10-14,25.79,26.06,25.70,25.98,837300,18.66
2005-10-13,25.64,25.79,25.50,25.78,2119200,18.51
2005-10-12,26.19,26.26,25.91,26.01,1258400,18.68
2005-10-11,26.28,26.28,26.06,26.10,1197800,18.74
2005-10-10,26.46,26.46,26.23,26.32,790600,18.90
2005-10-07,26.48,26.49,26.32,26.41,2192400,18.97
2005-10-06,26.87,26.88,26.51,26.58,3402000,19.09
2005-10-05,26.73,26.74,26.38,26.39,2727500,18.95
2005-10-04,26.36,26.55,26.26,26.32,3264800,18.90
2005-10-03,25.95,25.96,25.74,25.77,2309900,18.51
2005-09-30,26.00,26.19,25.93,25.97,2045000,18.65
2005-09-29,26.02,26.23,25.96,26.19,1583800,18.81
2005-09-28,26.24,26.39,26.18,26.33,2118800,18.91
2005-09-27,26.18,26.42,26.15,26.36,2850000,18.93
2005-09-26,26.41,26.47,26.34,26.41,2062100,18.97
2005-09-23,26.60,26.75,26.57,26.71,909100,19.18
2005-09-22,26.40,26.54,26.31,26.48,1446600,19.02
2005-09-21,26.76,26.80,26.50,26.52,1481800,19.04
2005-09-20,27.16,27.24,26.82,26.85,1822500,19.28
2005-09-19,27.40,27.43,27.25,27.32,1444300,19.62
2005-09-16,28.10,28.14,27.74,28.04,1287400,20.14
2005-09-15,27.81,27.98,27.75,27.90,1281900,20.04
2005-09-14,27.70,27.85,27.66,27.69,1863600,19.88
2005-09-13,27.47,27.49,27.26,27.35,497500,19.64
2005-09-12,27.37,27.56,27.36,27.52,697400,19.76
2005-09-09,27.43,27.59,27.42,27.52,1013900,19.76
2005-09-08,27.49,27.64,27.46,27.50,1067100,19.75
2005-09-07,27.57,27.65,27.45,27.58,1040500,19.81
2005-09-06,27.79,27.84,27.68,27.77,1548500,19.94
2005-09-02,27.58,27.70,27.56,27.59,1614000,19.81
2005-09-01,27.56,27.80,27.48,27.64,3223200,19.85
2005-08-31,27.17,27.36,27.15,27.25,3684100,19.57
2005-08-30,27.03,27.05,26.84,26.98,1476700,19.37
2005-08-29,26.67,26.97,26.66,26.94,692100,19.35
2005-08-26,27.15,27.19,26.88,26.95,1130100,19.35
2005-08-25,27.26,27.37,27.18,27.30,939900,19.60
2005-08-24,27.51,27.57,27.23,27.34,1958200,19.63
2005-08-23,27.70,27.73,27.60,27.68,952100,19.88
2005-08-22,27.91,28.05,27.76,27.83,1201400,19.99
2005-08-19,27.52,27.78,27.52,27.73,1405600,19.91
2005-08-18,27.11,27.22,27.10,27.19,821600,19.53
2005-08-17,27.21,27.43,27.17,27.26,1752400,19.58
2005-08-16,27.20,27.26,27.02,27.05,1253500,19.43
2005-08-15,27.41,27.43,27.09,27.32,1966000,19.62
2005-08-12,26.77,27.04,26.76,26.89,1749900,19.31
2005-08-11,26.62,26.78,26.58,26.71,1681500,19.18
2005-08-10,26.39,26.46,26.15,26.23,1104200,18.84
2005-08-09,26.15,26.21,26.08,26.12,870200,18.76
2005-08-08,26.21,26.25,26.02,26.02,1432700,18.69
2005-08-05,26.02,26.02,25.73,25.83,1026600,18.55
2005-08-04,25.74,25.87,25.65,25.76,1084200,18.50
2005-08-03,25.93,25.99,25.84,25.93,996900,18.62
2005-08-02,26.01,26.19,25.90,25.95,2559800,18.64
2005-08-01,25.86,25.92,25.72,25.75,1515800,18.49
2005-07-29,25.90,25.98,25.79,25.83,1386800,18.55
2005-07-28,25.96,26.07,25.85,26.04,3432100,18.70
2005-07-27,25.74,25.90,25.56,25.87,1242200,18.58
2005-07-26,25.70,25.95,25.70,25.85,2520800,18.56
2005-07-25,25.23,25.46,25.10,25.37,2601500,18.22
2005-07-22,24.88,25.05,24.88,24.98,1484500,17.94
2005-07-21,24.86,24.97,24.73,24.85,1431700,17.85
2005-07-20,24.59,24.85,24.51,24.80,2409800,17.81
2005-07-19,24.65,24.85,24.50,24.75,2576700,17.77
2005-07-18,24.85,24.88,24.65,24.72,1383800,17.75
2005-07-15,24.96,25.16,24.88,25.10,1519800,18.02
2005-07-14,25.37,25.44,25.21,25.26,885900,18.14
2005-07-13,25.13,25.28,24.99,25.25,2435900,18.13
2005-07-12,25.26,25.40,25.15,25.29,2297300,18.16
2005-07-11,24.57,24.86,24.57,24.82,2367000,17.82
2005-07-08,24.15,24.41,24.12,24.38,1601200,17.51
2005-07-07,23.73,24.05,23.70,24.05,2532300,17.27
2005-07-06,24.40,24.50,24.18,24.20,3014200,17.38
2005-07-05,23.93,24.00,23.83,23.90,5289300,17.16
2005-07-01,24.24,24.28,24.09,24.17,2379500,17.36
2005-06-30,24.71,24.81,24.27,24.32,1869000,17.46
2005-06-29,24.71,24.83,24.59,24.72,2383100,17.75
2005-06-28,24.32,24.48,24.28,24.44,1482200,17.55
2005-06-27,24.46,24.50,24.31,24.41,1949900,17.53
2005-06-24,24.58,24.60,24.38,24.44,1528000,17.55
2005-06-23,24.73,24.82,24.42,24.49,1603000,17.59
2005-06-22,24.97,24.99,24.84,24.97,2068800,17.93
2005-06-21,24.88,24.98,24.82,24.97,1275300,17.93
2005-06-20,24.87,24.97,24.75,24.90,1420800,17.88
2005-06-17,25.04,25.12,24.88,25.00,2432200,17.95
2005-06-16,24.99,24.99,24.73,24.83,1291300,17.83
2005-06-15,24.80,24.84,24.65,24.83,1587800,17.83
2005-06-14,24.50,24.55,24.36,24.51,1680500,17.60
2005-06-13,24.36,24.39,24.23,24.33,1828900,17.47
2005-06-10,24.87,24.91,24.50,24.57,1433200,17.64
2005-06-09,24.85,24.93,24.75,24.93,1021200,17.90
2005-06-08,25.06,25.06,24.78,24.78,2793200,17.79
2005-06-07,25.18,25.31,25.17,25.22,2770900,18.11
2005-06-06,24.75,24.75,24.64,24.68,2342100,17.72
2005-06-03,24.80,24.84,24.63,24.76,1755600,17.78
2005-06-02,24.75,24.88,24.69,24.80,3035400,17.81
2005-06-01,24.85,25.50,24.69,25.50,8512100,18.31
2005-05-31,25.37,25.45,25.15,25.18,3714700,17.80
2005-05-27,25.25,25.39,25.19,25.32,2939000,17.90
2005-05-26,25.32,25.38,25.21,25.31,4220900,17.89
2005-05-25,25.40,25.48,25.01,25.15,7312300,17.78
2005-05-24,25.67,25.74,25.34,25.34,8319100,17.91
2005-05-23,26.58,26.92,26.54,26.87,2684500,18.99
2005-05-20,26.37,26.69,26.36,26.69,2576600,18.87
2005-05-19,25.81,26.08,25.81,26.03,3274900,18.40
2005-05-18,25.55,25.79,25.43,25.71,1968800,18.17
2005-05-17,25.65,25.73,25.55,25.71,1987100,18.17
2005-05-16,25.63,25.70,25.48,25.64,2626600,18.12
2005-05-13,25.81,25.98,25.74,25.88,1720600,18.29
2005-05-12,25.96,26.11,25.85,25.88,1502800,18.29
2005-05-11,26.15,26.19,25.95,26.15,1405900,18.48
2005-05-10,25.80,26.06,25.79,25.88,1096600,18.29
2005-05-09,25.94,26.19,25.88,26.17,1578500,18.50
2005-05-06,26.26,26.39,26.24,26.28,2462600,18.58
2005-05-05,26.53,26.57,26.33,26.40,984000,18.66
2005-05-04,26.28,26.74,26.28,26.74,1369200,18.90
2005-05-03,25.98,26.19,25.95,26.14,1258500,18.48
2005-05-02,25.95,26.14,25.95,26.09,1215900,18.44
2005-04-29,26.13,26.14,25.85,26.14,1751900,18.48
2005-04-28,25.82,25.98,25.70,25.73,1012800,18.19
2005-04-27,25.85,25.98,25.76,25.94,1137400,18.34
2005-04-26,26.04,26.06,25.79,25.85,1796700,18.27
2005-04-25,26.30,26.37,26.18,26.30,1466700,18.59
2005-04-22,26.43,26.43,26.06,26.14,2105800,18.48
2005-04-21,26.21,26.42,26.17,26.35,2314100,18.63
2005-04-20,26.22,26.24,25.92,25.97,1010500,18.36
2005-04-19,26.38,26.39,26.23,26.35,1560500,18.63
2005-04-18,26.18,26.26,26.08,26.11,876900,18.46
2005-04-15,26.25,26.31,25.84,25.97,1551200,18.36
2005-04-14,26.57,26.60,26.33,26.37,808000,18.64
2005-04-13,26.70,26.77,26.56,26.61,862700,18.81
2005-04-12,26.54,26.69,26.31,26.68,2000600,18.86
2005-04-11,26.76,26.81,26.65,26.71,927100,18.88
2005-04-08,26.57,26.68,26.45,26.55,865700,18.77
2005-04-07,26.62,26.88,26.58,26.74,2241400,18.90
2005-04-06,26.51,26.51,26.24,26.28,1650800,18.58
2005-04-05,26.62,26.68,26.48,26.55,1505500,18.77
2005-04-04,26.30,26.45,26.24,26.45,1602500,18.70
2005-04-01,26.90,26.91,26.34,26.34,1480800,18.62
2005-03-31,26.79,26.79,26.47,26.56,1222400,18.77
2005-03-30,26.54,26.75,26.53,26.72,1248100,18.89
2005-03-29,26.52,26.65,26.29,26.31,1086300,18.60
2005-03-28,26.74,26.98,26.74,26.75,1127400,18.91
2005-03-24,26.81,26.98,26.70,26.70,2405400,18.87
2005-03-23,26.30,26.44,26.23,26.28,2829400,18.58
2005-03-22,26.63,26.73,26.30,26.35,1049300,18.63
2005-03-21,26.65,26.69,26.46,26.65,1122600,18.84
2005-03-18,26.67,26.71,26.52,26.66,1441800,18.84
2005-03-17,26.70,26.80,26.62,26.67,1192500,18.85
2005-03-16,26.82,26.89,26.63,26.70,1659000,18.87
2005-03-15,26.80,26.86,26.56,26.56,1982900,18.77
2005-03-14,26.43,26.61,26.39,26.54,3490200,18.76
2005-03-11,26.87,26.95,26.80,26.84,1434700,18.97
2005-03-10,26.86,26.95,26.67,26.75,5901500,18.91
2005-03-09,27.27,27.31,26.95,27.03,2397400,19.11
2005-03-08,27.46,27.50,27.40,27.40,1365000,19.37
2005-03-07,27.14,27.42,27.13,27.29,952500,19.29
2005-03-04,27.00,27.30,26.98,27.20,1278900,19.23
2005-03-03,26.88,26.96,26.78,26.83,1792000,18.96
2005-03-02,26.77,26.93,26.74,26.81,1771600,18.95
2005-03-01,26.55,26.84,26.55,26.80,1579600,18.94
2005-02-28,26.47,26.52,26.14,26.29,1942200,18.58
2005-02-25,26.50,26.59,26.40,26.48,2585800,18.72
2005-02-24,26.54,26.60,26.29,26.53,2257800,18.75
2005-02-23,26.41,26.50,26.18,26.45,1463400,18.70
2005-02-22,26.47,26.50,26.21,26.32,2061700,18.60
2005-02-18,26.80,26.84,26.64,26.75,766900,18.91
2005-02-17,26.82,26.89,26.70,26.80,1299200,18.94
2005-02-16,26.80,26.84,26.43,26.62,1494300,18.82
2005-02-15,26.60,26.85,26.60,26.75,1491400,18.91
2005-02-14,26.49,26.74,26.47,26.60,1073300,18.80
2005-02-11,26.12,26.40,26.08,26.38,1113000,18.65
2005-02-10,26.12,26.30,26.05,26.21,2099200,18.53
2005-02-09,26.23,26.24,26.00,26.06,2026500,18.42
2005-02-08,25.86,26.04,25.84,26.03,2471800,18.40
2005-02-07,26.09,26.17,25.86,25.94,2077900,18.34
2005-02-04,26.26,26.37,26.18,26.25,1062600,18.55
2005-02-03,26.00,26.13,25.95,26.06,1362400,18.42
2005-02-02,25.70,25.86,25.65,25.80,1674500,18.24
2005-02-01,25.68,25.97,25.60,25.90,1794900,18.31
2005-01-31,26.20,26.26,25.90,25.98,3378100,18.36
2005-01-28,26.14,26.22,25.85,26.09,2467300,18.44
2005-01-27,26.32,26.42,26.20,26.37,3836100,18.64
2005-01-26,26.68,26.72,26.43,26.62,4628300,18.82
2005-01-25,26.14,26.26,26.06,26.22,1522500,18.53
2005-01-24,26.17,26.20,26.03,26.07,1778600,18.43
2005-01-21,25.90,26.11,25.88,26.01,959500,18.39
2005-01-20,25.97,26.07,25.83,26.00,2201700,18.38
2005-01-19,26.19,26.24,25.89,25.92,2043100,18.32
2005-01-18,25.78,25.95,25.68,25.89,2453300,18.30
2005-01-14,26.13,26.24,25.94,26.20,1254000,18.52
2005-01-13,26.55,26.57,26.17,26.21,2074200,18.53
2005-01-12,26.90,26.92,26.63,26.75,2244800,18.91
2005-01-11,26.95,26.98,26.75,26.95,1404800,19.05
2005-01-10,27.08,27.30,27.04,27.11,1178100,19.16
2005-01-07,27.35,27.36,27.10,27.22,1269900,19.24
2005-01-06,26.79,26.93,26.70,26.81,1491400,18.95
2005-01-05,26.91,27.13,26.83,26.88,1592400,19.00
2005-01-04,27.23,27.30,26.50,26.85,2158200,18.98
2005-01-03,27.45,27.53,27.03,27.05,1025200,19.12
2004-12-31,27.35,27.50,27.20,27.38,635700,19.35
2004-12-30,27.23,27.40,27.23,27.30,723500,19.30
2004-12-29,26.95,27.40,26.90,27.16,1421300,19.20
2004-12-28,27.06,27.31,27.02,27.24,808000,19.25
2004-12-27,26.76,27.23,26.76,27.10,947700,19.16
2004-12-23,26.98,27.11,26.88,26.99,1365800,19.08
2004-12-22,26.73,27.09,26.73,27.06,1695200,19.13
2004-12-21,26.86,26.91,26.62,26.87,2067400,18.99
2004-12-20,27.02,27.08,26.87,26.95,2119100,19.05
2004-12-17,27.04,27.12,26.92,26.99,2051000,19.08
2004-12-16,27.39,27.44,26.95,27.15,2166500,19.19
2004-12-15,27.53,27.64,27.37,27.54,1929200,19.47
2004-12-14,26.75,27.35,26.68,27.35,4579600,19.33
2004-12-13,27.60,27.84,27.50,27.67,2501300,19.56
2004-12-10,26.90,27.29,26.89,27.18,1875100,19.21
2004-12-09,27.37,27.70,27.21,27.59,1762000,19.50
2004-12-08,28.04,28.16,27.95,28.08,806800,19.85
2004-12-07,28.50,28.54,28.00,28.00,957000,19.79
2004-12-06,28.36,28.42,28.23,28.31,2060900,20.01
2004-12-03,28.40,28.46,28.23,28.31,1353900,20.01
2004-12-02,28.25,28.46,28.18,28.28,1412400,19.99
2004-12-01,27.86,28.25,27.76,28.13,2673500,19.88
2004-11-30,27.36,27.49,27.14,27.27,2131600,19.28
2004-11-29,27.48,27.55,27.25,27.39,1755900,19.36
2004-11-26,27.28,27.37,27.08,27.19,633900,19.22
2004-11-24,27.06,27.17,26.89,27.07,1712500,19.13
2004-11-23,26.93,26.94,26.63,26.76,2053900,18.92
2004-11-22,26.96,27.22,26.91,27.18,1439700,18.96
2004-11-19,27.43,27.50,26.98,27.01,1795000,18.84
2004-11-18,27.30,27.54,27.23,27.45,2646000,19.15
2004-11-17,26.77,27.04,26.62,27.04,3542300,18.86
2004-11-16,26.50,26.61,26.11,26.40,1578600,18.42
2004-11-15,26.49,26.62,26.38,26.56,1432900,18.53
2004-11-12,26.28,26.56,26.24,26.51,1416600,18.49
2004-11-11,25.80,26.25,25.75,26.17,1272400,18.26
2004-11-10,25.85,25.85,25.45,25.61,2254900,17.87
2004-11-09,25.98,26.25,25.97,26.15,1160700,18.24
2004-11-08,26.02,26.11,25.85,26.00,1815000,18.14
2004-11-05,26.48,26.65,26.33,26.46,1156900,18.46
2004-11-04,26.10,26.50,26.02,26.49,1266200,18.48
2004-11-03,26.33,26.41,26.11,26.21,1254300,18.29
2004-11-02,25.85,25.98,25.76,25.81,2318200,18.01
2004-11-01,25.77,25.77,25.50,25.57,1612900,17.84
2004-10-29,25.90,26.03,25.70,25.79,1743200,17.99
2004-10-28,25.51,25.68,25.42,25.50,1654000,17.79
2004-10-27,25.32,25.66,25.22,25.59,2234700,17.85
2004-10-26,25.12,25.24,25.05,25.23,1408200,17.60
2004-10-25,25.12,25.20,24.97,25.12,1105800,17.52
2004-10-22,25.50,25.55,24.93,25.08,1767000,17.50
2004-10-21,25.31,25.40,25.12,25.36,1357200,17.69
2004-10-20,25.16,25.28,25.03,25.20,1112500,17.58
2004-10-19,25.36,25.44,25.05,25.08,1549600,17.50
2004-10-18,24.94,25.04,24.85,25.01,1326900,17.45
2004-10-15,24.64,24.89,24.60,24.82,2064500,17.32
2004-10-14,24.35,24.35,24.16,24.23,1543500,16.90
2004-10-13,24.46,24.54,24.31,24.35,1755900,16.99
2004-10-12,24.13,24.37,24.06,24.27,1164100,16.93
2004-10-11,24.65,24.65,24.46,24.50,940100,17.09
2004-10-08,24.73,24.85,24.61,24.66,2026400,17.20
2004-10-07,24.59,24.84,24.56,24.70,1145800,17.23
2004-10-06,24.49,24.60,24.33,24.60,1526700,17.16
2004-10-05,24.58,24.62,24.45,24.49,1008500,17.09
2004-10-04,24.56,24.60,24.37,24.43,2252300,17.04
2004-10-01,24.50,24.65,24.39,24.43,2464300,17.04
2004-09-30,23.92,24.21,23.91,24.11,1639000,16.82
2004-09-29,23.91,23.95,23.48,23.84,1602100,16.63
2004-09-28,23.81,23.87,23.60,23.71,1282000,16.54
2004-09-27,23.32,23.55,23.28,23.42,1328800,16.34
2004-09-24,23.76,23.90,23.46,23.63,1048500,16.49
2004-09-23,23.90,23.93,23.71,23.78,1531800,16.59
2004-09-22,23.77,23.80,23.45,23.47,1473100,16.37
2004-09-21,23.31,23.61,23.28,23.55,1845900,16.43
2004-09-20,23.11,23.24,23.01,23.10,1134800,16.12
2004-09-17,23.43,23.53,23.28,23.34,1890200,16.28
2004-09-16,23.36,23.58,23.33,23.47,1292600,16.37
2004-09-15,23.31,23.35,23.17,23.23,1636600,16.21
2004-09-14,23.43,23.48,23.20,23.30,3068000,16.26
2004-09-13,24.03,24.14,23.90,23.97,1530600,16.72
2004-09-10,23.92,23.94,23.80,23.94,1266000,16.70
2004-09-09,23.62,23.68,23.34,23.59,1237400,16.46
2004-09-08,23.17,23.51,23.17,23.40,1701900,16.32
2004-09-07,23.10,23.14,23.00,23.10,1750900,16.12
2004-09-03,22.76,22.86,22.67,22.80,1985400,15.91
2004-09-02,22.95,23.18,22.95,23.18,1065400,16.17
2004-09-01,22.80,22.95,22.70,22.90,1545100,15.98
2004-08-31,22.81,23.01,22.80,22.90,3160300,15.98
2004-08-30,23.08,23.17,22.96,23.02,1447900,16.06
2004-08-27,23.18,23.27,23.02,23.18,2342800,16.17
2004-08-26,23.03,23.22,22.99,23.20,1551300,16.19
2004-08-25,22.71,23.24,22.71,23.17,4158900,16.16
2004-08-24,22.92,22.95,22.67,22.87,1636900,15.96
2004-08-23,22.97,23.10,22.90,22.90,767000,15.98
2004-08-20,22.75,22.86,22.59,22.80,1045800,15.91
2004-08-19,22.91,23.10,22.87,22.96,815900,16.02
2004-08-18,22.65,23.00,22.65,22.95,926300,16.01
2004-08-17,22.87,23.01,22.67,22.74,1631800,15.86
2004-08-16,22.15,22.68,22.14,22.60,1904300,15.77
2004-08-13,21.91,22.16,21.91,22.15,1905500,15.45
2004-08-12,21.60,21.74,21.50,21.54,1072100,15.03
2004-08-11,21.55,21.69,21.47,21.66,1480800,15.11
2004-08-10,21.63,21.84,21.60,21.70,1495200,15.14
2004-08-09,21.45,21.69,21.39,21.48,1883200,14.99
2004-08-06,21.65,21.73,21.49,21.64,6351000,15.10
2004-08-05,22.00,22.02,21.75,21.81,1792800,15.22
2004-08-04,21.64,21.90,21.61,21.87,2977600,15.26
2004-08-03,21.81,21.91,21.53,21.60,2913100,15.07
2004-08-02,21.59,21.94,21.58,21.81,1715600,15.22
2004-07-30,21.70,21.93,21.60,21.73,1503100,15.16
2004-07-29,21.70,21.99,21.66,21.78,3599200,15.19
2004-07-28,21.61,21.70,21.44,21.67,3305600,15.12
2004-07-27,21.39,21.48,21.25,21.38,3034700,14.92
2004-07-26,21.27,21.34,20.83,20.99,2354100,14.64
2004-07-23,21.58,21.62,21.25,21.29,2430300,14.85
2004-07-22,21.65,21.88,21.60,21.75,2668400,15.17
2004-07-21,22.11,22.15,21.60,21.70,1886800,15.14
2004-07-20,21.83,22.00,21.76,21.97,1596000,15.33
2004-07-19,22.15,22.24,22.03,22.05,961400,15.38
2004-07-16,22.60,22.63,22.18,22.30,2161400,15.56
2004-07-15,22.50,22.57,22.23,22.45,4578500,15.66
2004-07-14,22.20,22.44,22.16,22.20,2890300,15.49
2004-07-13,21.88,21.89,21.76,21.85,2287100,15.24
2004-07-12,22.10,22.12,21.89,22.09,2582600,15.41
2004-07-09,22.30,22.31,21.95,22.10,2607800,15.42
2004-07-08,22.26,22.33,22.14,22.18,3025000,15.47
2004-07-07,22.16,22.33,22.12,22.15,1611300,15.45
2004-07-06,21.86,21.90,21.65,21.85,1707900,15.24
2004-07-02,21.85,22.04,21.80,21.90,3560200,15.28
2004-07-01,21.88,21.90,21.71,21.78,5609400,15.19
2004-06-30,22.13,22.19,21.87,22.10,4037000,15.42
2004-06-29,22.29,22.34,22.17,22.18,1577600,15.47
2004-06-28,22.76,22.78,22.50,22.50,1900100,15.70
2004-06-25,22.27,22.64,22.26,22.38,3001000,15.61
2004-06-24,22.34,22.45,22.10,22.10,3474200,15.42
2004-06-23,22.27,22.50,22.20,22.36,4061400,15.60
2004-06-22,22.39,22.60,22.27,22.60,4278500,15.77
2004-06-21,23.11,23.11,22.93,22.98,1739900,16.03
2004-06-18,23.26,23.39,23.18,23.20,1921300,16.19
2004-06-17,23.60,23.64,23.44,23.46,1716600,16.37
2004-06-16,23.49,23.57,23.25,23.40,2668200,16.32
2004-06-15,23.35,23.50,23.32,23.40,2212500,16.32
2004-06-14,23.32,23.34,23.21,23.21,2024400,16.19
2004-06-10,23.53,23.75,23.45,23.75,2128900,16.57
2004-06-09,23.65,23.80,23.56,23.65,2265000,16.50
2004-06-08,23.50,23.70,23.48,23.70,2524200,16.53
2004-06-07,23.31,23.50,23.19,23.50,3308000,16.39
2004-06-04,23.35,23.37,23.00,23.14,2742800,16.14
2004-06-03,23.10,23.25,22.95,22.98,1637200,16.03
2004-06-02,23.60,23.64,23.35,23.35,1594700,16.29
2004-06-01,23.52,23.64,23.35,23.61,1481500,16.34
2004-05-28,23.84,23.87,23.63,23.76,2539700,16.45
2004-05-27,23.85,24.04,23.74,23.98,3892200,16.60
2004-05-26,23.50,23.55,23.05,23.44,5316400,16.22
2004-05-25,23.16,23.85,23.07,23.82,8295400,16.49
2004-05-24,24.56,24.60,24.32,24.57,2481400,17.01
2004-05-21,24.46,24.55,24.32,24.43,1046200,16.91
2004-05-20,24.23,24.32,24.14,24.31,933800,16.83
2004-05-19,24.62,24.80,24.55,24.57,1611600,17.01
2004-05-18,24.17,24.23,23.98,24.02,2011000,16.63
2004-05-17,23.60,23.95,23.59,23.68,1297000,16.39
2004-05-14,23.86,23.92,23.65,23.71,1001300,16.41
2004-05-13,23.75,24.13,23.75,24.00,1399500,16.61
2004-05-12,24.06,24.30,23.91,24.16,1611300,16.72
2004-05-11,24.35,24.41,24.05,24.05,2065500,16.65
2004-05-10,24.00,24.49,23.98,24.28,2641700,16.81
2004-05-07,24.80,25.13,24.76,24.99,2865500,17.30
2004-05-06,25.48,25.55,25.26,25.47,1559700,17.63
2004-05-05,25.83,25.90,25.68,25.75,2343500,17.82
2004-05-04,25.14,25.33,25.02,25.33,2177000,17.53
2004-05-03,24.75,25.09,24.75,24.82,2775400,17.18
2004-04-30,24.62,24.65,24.27,24.54,1809900,16.99
2004-04-29,24.73,24.98,24.63,24.70,2562800,17.10
2004-04-28,25.00,25.03,24.63,24.70,1796300,17.10
2004-04-27,25.19,25.56,25.11,25.38,2756100,17.57
2004-04-26,25.00,25.03,24.68,24.80,1305500,17.17
2004-04-23,24.47,24.63,24.25,24.50,1396700,16.96
2004-04-22,24.67,24.85,24.42,24.85,1596900,17.20
2004-04-21,24.10,24.75,24.05,24.50,1967100,16.96
2004-04-20,24.86,24.91,24.30,24.33,1505200,16.84
2004-04-19,24.85,25.12,24.79,25.01,1729900,17.31
2004-04-16,24.13,24.44,24.12,24.30,1749800,16.82
2004-04-15,23.71,23.72,23.38,23.51,1518200,16.27
2004-04-14,23.48,23.81,23.45,23.76,2081200,16.45
2004-04-13,24.35,24.35,23.94,24.02,859200,16.63
2004-04-12,24.40,24.56,24.24,24.56,1084600,17.00
2004-04-08,24.37,24.42,24.20,24.25,956300,16.79
2004-04-07,24.28,24.37,24.09,24.10,1196200,16.68
2004-04-06,24.13,24.29,24.06,24.24,1688600,16.78
2004-04-05,24.04,24.29,24.03,24.24,1499000,16.78
2004-04-02,24.32,24.68,24.26,24.53,3346900,16.98
2004-04-01,24.24,24.50,24.13,24.50,1731100,16.96
2004-03-31,23.80,23.93,23.54,23.90,1875400,16.54
2004-03-30,23.91,24.15,23.87,24.14,1169000,16.71
2004-03-29,23.85,24.10,23.82,23.86,1366600,16.52
2004-03-26,23.62,23.72,23.40,23.40,1199600,16.20
2004-03-25,23.27,23.75,23.26,23.61,2257100,16.34
2004-03-24,23.15,23.34,22.81,22.98,3394600,15.91
2004-03-23,23.71,23.81,23.40,23.50,3497500,16.27
2004-03-22,23.72,23.77,23.14,23.33,3988600,16.15
2004-03-19,24.11,24.23,23.84,23.97,1362500,16.59
2004-03-18,24.07,24.28,23.99,24.00,1366900,16.61
2004-03-17,24.13,24.36,24.11,24.35,1613700,16.85
2004-03-16,23.78,23.95,23.55,23.70,1530600,16.40
2004-03-15,24.02,24.05,23.50,23.70,2850000,16.40
2004-03-12,24.08,24.36,23.96,24.30,2597000,16.82
2004-03-11,23.86,24.09,23.58,23.58,2648100,16.32
2004-03-10,24.77,24.80,24.27,24.42,2020200,16.90
2004-03-09,25.25,25.35,24.92,24.92,1692000,17.25
2004-03-08,25.37,25.55,25.15,25.20,1063300,17.44
2004-03-05,25.22,25.50,25.13,25.44,2007500,17.61
2004-03-04,24.70,24.96,24.60,24.95,1181800,17.27
2004-03-03,24.98,24.98,24.54,24.80,2280900,17.17
2004-03-02,25.42,25.54,25.07,25.20,2003100,17.44
2004-03-01,25.55,25.86,25.42,25.76,1792000,17.83
2004-02-27,25.35,25.40,24.95,24.97,3802500,17.28
2004-02-26,25.60,25.67,25.46,25.60,1931000,17.72
2004-02-25,26.20,26.37,25.80,25.90,3763700,17.93
2004-02-24,26.00,26.33,25.92,26.28,3600700,18.19
2004-02-23,26.25,26.33,26.05,26.15,3781700,18.10
2004-02-20,26.35,26.38,25.64,25.80,4509200,17.86
2004-02-19,26.50,26.50,25.99,26.15,5171500,18.10
2004-02-18,26.18,26.20,25.40,25.45,3298900,17.62
2004-02-17,27.01,27.02,26.41,26.67,5245400,18.46
2004-02-13,25.78,26.09,25.70,25.76,5447000,17.83
2004-02-12,25.37,25.44,24.90,24.91,7947400,17.24
2004-02-11,24.85,24.97,24.69,24.89,6876300,17.23
2004-02-10,25.54,25.62,25.15,25.28,3483600,17.50
2004-02-09,25.53,25.64,25.34,25.54,3552900,17.68
2004-02-06,24.89,25.37,24.80,25.37,4974700,17.56
2004-02-05,25.07,25.19,24.25,24.43,4801600,16.91
2004-02-04,25.14,25.15,24.72,24.81,2767200,17.17
2004-02-03,25.15,25.33,25.13,25.17,2868400,17.42
2004-02-02,24.78,25.05,24.74,24.76,4432700,17.14
2004-01-30,25.40,25.63,25.30,25.60,2608000,17.72
2004-01-29,25.26,25.51,25.16,25.23,2621800,17.46
2004-01-28,25.93,26.24,25.62,25.62,2684500,17.73
2004-01-27,26.65,26.70,26.44,26.67,3068100,18.46
2004-01-26,26.26,26.34,25.87,26.19,3415500,18.13
2004-01-23,26.80,26.83,26.49,26.71,1722200,18.49
2004-01-22,27.30,27.45,27.10,27.20,1812000,18.83
2004-01-21,26.84,27.18,26.65,27.10,1590000,18.76
2004-01-20,27.08,27.21,26.89,27.00,3123100,18.69
2004-01-16,26.58,26.58,26.11,26.30,2425900,18.20
2004-01-15,27.24,27.25,26.80,26.92,2471100,18.63
2004-01-14,27.77,27.88,27.60,27.80,3020700,19.24
2004-01-13,27.62,27.70,27.35,27.50,1731100,19.03
2004-01-12,27.33,27.52,27.10,27.31,1139400,18.90
2004-01-09,27.50,27.75,27.34,27.52,1683700,19.05
2004-01-08,27.31,27.40,27.05,27.12,2040200,18.77
2004-01-07,26.60,26.85,26.50,26.61,1817000,18.42
2004-01-06,26.50,26.78,26.42,26.71,1338500,18.49
2004-01-05,26.07,26.42,26.03,26.31,2318900,18.21
2004-01-02,25.24,25.35,25.04,25.31,1327100,17.52
2003-12-31,24.90,25.15,24.90,25.04,1532500,17.33
2003-12-30,24.47,24.77,24.45,24.75,1747500,17.13
2003-12-29,24.60,24.65,24.45,24.55,1749100,16.99
2003-12-26,25.00,25.00,24.75,24.86,394000,17.21
2003-12-24,24.68,25.00,24.65,25.00,751900,17.30
2003-12-23,24.44,24.65,24.44,24.65,1015100,17.06
2003-12-22,24.16,24.55,24.16,24.43,1554000,16.91
2003-12-19,24.40,24.41,24.16,24.32,2137600,16.83
2003-12-18,24.26,24.63,24.26,24.57,2539200,17.01
2003-12-17,23.84,24.05,23.80,24.00,2349200,16.61
2003-12-16,23.63,23.81,23.52,23.73,1767800,16.43
2003-12-15,24.10,24.15,23.53,23.60,2203100,16.34
2003-12-12,24.05,24.13,23.88,23.88,2870600,16.53
2003-12-11,23.70,24.08,23.65,23.96,2125600,16.58
2003-12-10,23.75,23.86,23.54,23.66,1478500,16.38
2003-12-09,24.20,24.23,23.80,23.90,2985500,16.54
2003-12-08,23.61,23.70,23.41,23.65,1590400,16.37
2003-12-05,23.50,23.75,23.48,23.64,1684000,16.36
2003-12-04,23.70,23.78,23.44,23.48,1375400,16.25
2003-12-03,23.78,23.87,23.62,23.63,2767400,16.36
2003-12-02,24.00,24.06,23.81,23.90,3045600,16.54
2003-12-01,23.82,23.99,23.75,23.86,3501300,16.52
2003-11-28,23.35,23.42,23.26,23.35,1486500,16.16
2003-11-26,23.51,23.59,23.35,23.49,2777000,16.26
2003-11-25,23.60,23.79,23.51,23.66,6518600,16.38
2003-11-24,23.10,23.46,23.09,23.30,3753400,16.02
2003-11-21,22.89,22.93,22.68,22.75,2615200,15.64
2003-11-20,22.60,22.73,22.51,22.60,1857900,15.53
2003-11-19,22.57,22.70,22.39,22.70,3171100,15.60
2003-11-18,22.62,23.05,22.62,22.82,8618300,15.69
2003-11-17,21.48,21.63,21.34,21.44,2250500,14.74
2003-11-14,21.60,21.81,21.50,21.50,1781800,14.78
2003-11-13,21.57,21.74,21.51,21.65,1648500,14.88
2003-11-12,21.22,21.80,21.21,21.74,2336800,14.94
2003-11-11,20.80,21.01,20.77,20.91,1045100,14.37
2003-11-10,20.99,21.00,20.82,20.89,1973200,14.36
2003-11-07,21.21,21.38,21.16,21.23,1896900,14.59
2003-11-06,21.00,21.10,20.91,21.08,2716400,14.49
2003-11-05,20.57,20.91,20.55,20.83,2970100,14.32
2003-11-04,20.75,20.84,20.64,20.78,3538300,14.28
2003-11-03,21.28,21.36,21.04,21.08,2227600,14.49
2003-10-31,21.00,21.23,20.98,21.15,1838900,14.54
2003-10-30,21.60,21.65,21.36,21.42,2375000,14.72
2003-10-29,21.27,21.46,21.27,21.40,3600600,14.71
2003-10-28,20.80,21.29,20.77,21.29,4208800,14.63
2003-10-27,20.57,20.59,20.40,20.47,1700100,14.07
2003-10-24,20.50,20.66,20.44,20.57,3790700,14.14
2003-10-23,20.51,20.77,20.51,20.68,1425500,14.21
2003-10-22,20.60,20.78,20.56,20.67,2045300,14.21
2003-10-21,20.84,20.94,20.77,20.85,1579100,14.33
2003-10-20,20.82,20.85,20.71,20.82,2229600,14.31
2003-10-17,20.97,21.10,20.90,20.94,1504300,14.39
2003-10-16,20.84,21.15,20.80,20.86,1585500,14.34
2003-10-15,20.96,21.01,20.84,20.90,1872100,14.37
2003-10-14,20.83,21.00,20.77,20.97,1314300,14.41
2003-10-13,21.10,21.17,21.00,21.10,1103400,14.50
2003-10-10,21.07,21.16,20.91,21.01,1121600,14.44
2003-10-09,21.13,21.22,20.97,21.05,1573000,14.47
2003-10-08,21.07,21.07,20.69,20.87,2102000,14.35
2003-10-07,20.79,20.84,20.55,20.79,1541300,14.29
2003-10-06,20.69,20.96,20.64,20.85,1962200,14.33
2003-10-03,20.70,20.85,20.56,20.60,2188900,14.16
2003-10-02,20.55,20.69,20.51,20.58,1221800,14.15
2003-10-01,20.30,20.74,20.26,20.73,1933600,14.25
2003-09-30,20.38,20.46,20.06,20.25,2611600,13.92
2003-09-29,20.40,20.50,20.21,20.46,1659400,14.06
2003-09-26,20.50,20.59,20.37,20.50,2084100,14.09
2003-09-25,20.85,20.88,20.61,20.64,2136900,14.19
2003-09-24,21.09,21.14,20.72,20.77,3926000,14.28
2003-09-23,20.70,20.88,20.54,20.83,3113900,14.32
2003-09-22,20.10,20.39,20.09,20.35,2004100,13.99
2003-09-19,20.13,20.40,20.11,20.40,2732600,14.02
2003-09-18,20.14,20.33,20.08,20.22,4040800,13.90
2003-09-17,19.89,20.00,19.78,19.83,2164800,13.63
2003-09-16,19.70,19.90,19.67,19.89,2518900,13.67
2003-09-15,20.12,20.29,19.90,19.92,3564600,13.69
2003-09-12,19.77,19.95,19.68,19.89,2140100,13.67
2003-09-11,19.48,19.53,19.37,19.45,1607400,13.37
2003-09-10,19.64,19.70,19.34,19.36,2980200,13.31
2003-09-09,19.56,19.66,19.37,19.37,2467900,13.31
2003-09-08,19.33,19.46,19.29,19.33,2774900,13.29
2003-09-05,18.85,19.14,18.83,18.92,2652000,13.00
2003-09-04,18.53,18.75,18.53,18.74,2383300,12.88
2003-09-03,18.46,18.53,18.34,18.35,2870400,12.61
2003-09-02,18.40,18.67,18.27,18.64,3217800,12.81
2003-08-29,18.35,18.52,18.30,18.30,959700,12.58
2003-08-28,18.70,18.75,18.52,18.67,1358400,12.83
2003-08-27,18.47,18.68,18.43,18.57,1727500,12.76
2003-08-26,18.17,18.43,18.10,18.35,4372000,12.61
2003-08-25,18.45,18.48,18.29,18.37,2430200,12.63
2003-08-22,18.94,18.94,18.43,18.53,3483700,12.74
2003-08-21,19.15,19.20,18.96,19.08,1771200,13.11
2003-08-20,19.32,19.57,19.29,19.36,1502700,13.31
2003-08-19,19.67,19.74,19.44,19.61,2232800,13.48
2003-08-18,19.77,19.92,19.76,19.92,2137500,13.69
2003-08-15,19.74,19.88,19.51,19.71,796200,13.55
2003-08-14,19.25,19.67,19.21,19.59,2614300,13.47
2003-08-13,19.30,19.32,19.01,19.07,3098300,13.11
2003-08-12,19.20,19.20,19.00,19.15,2564300,13.16
2003-08-11,19.18,19.28,19.08,19.15,2685700,13.16
2003-08-08,19.30,19.38,19.10,19.14,1545700,13.16
2003-08-07,18.87,19.15,18.84,19.00,2189400,13.06
2003-08-06,18.81,18.94,18.65,18.85,2788000,12.96
2003-08-05,18.94,19.08,18.69,18.75,3399100,12.89
2003-08-04,18.85,18.93,18.61,18.84,1518400,12.95
2003-08-01,18.82,18.90,18.50,18.78,1589000,12.91
2003-07-31,19.42,19.46,18.94,18.98,2251600,13.05
2003-07-30,19.30,19.34,19.03,19.30,1664300,13.27
2003-07-29,19.77,19.80,19.45,19.50,1742600,13.40
2003-07-28,19.75,19.76,19.30,19.38,2430500,13.32
2003-07-25,19.35,19.77,19.35,19.70,2838800,13.54
2003-07-24,18.93,19.20,18.91,18.94,4148700,13.02
2003-07-23,18.56,18.58,18.16,18.47,3257700,12.70
2003-07-22,18.52,18.69,18.48,18.54,2118400,12.74
2003-07-21,18.63,18.63,18.30,18.48,3381300,12.70
2003-07-18,19.00,19.00,18.64,18.94,1643500,13.02
2003-07-17,18.73,18.90,18.66,18.72,2952800,12.87
2003-07-16,19.32,19.32,19.10,19.29,2311500,13.26
2003-07-15,19.60,19.65,19.23,19.32,2879500,13.28
2003-07-14,19.45,19.64,19.25,19.27,2784200,13.25
2003-07-11,19.44,19.56,19.35,19.50,2000300,13.40
2003-07-10,19.24,19.41,19.22,19.39,4211100,13.33
2003-07-09,19.90,20.06,19.65,19.91,4509100,13.69
2003-07-08,19.70,19.88,19.63,19.79,3568100,13.60
2003-07-07,19.79,20.05,19.75,19.93,3399800,13.70
2003-07-03,20.16,20.56,20.05,20.40,1610900,14.02
2003-07-02,20.17,20.49,20.13,20.41,3547000,14.03
2003-07-01,19.47,19.90,19.43,19.87,2691800,13.66
2003-06-30,20.03,20.06,19.52,19.65,2932400,13.51
2003-06-27,20.10,20.39,20.01,20.02,1901400,13.76
2003-06-26,20.22,20.38,19.92,20.28,2319900,13.94
2003-06-25,20.54,20.73,20.35,20.42,2046300,14.04
2003-06-24,20.23,20.39,20.19,20.33,1508800,13.97
2003-06-23,20.54,20.58,20.15,20.25,2106500,13.92
2003-06-20,20.82,20.94,20.61,20.67,1299600,14.21
2003-06-19,20.80,20.90,20.53,20.66,2192800,14.20
2003-06-18,20.78,21.05,20.64,20.82,3370600,14.31
2003-06-17,20.94,20.94,20.78,20.78,4662100,14.28
2003-06-16,20.95,21.05,20.73,20.95,2235600,14.40
2003-06-13,20.81,20.88,20.42,20.48,2260000,14.08
2003-06-12,21.00,21.15,20.75,21.14,2936900,14.53
2003-06-11,20.67,21.09,20.56,21.00,3954800,14.43
2003-06-10,21.00,21.09,20.80,20.98,4114700,14.42
2003-06-09,21.08,21.18,20.86,20.86,1611200,14.34
2003-06-06,21.69,21.70,21.20,21.35,3796700,14.68
2003-06-05,21.60,21.85,21.51,21.65,3127000,14.88
2003-06-04,21.54,22.01,21.54,21.91,3747900,15.06
2003-06-03,21.60,21.75,21.44,21.59,2179400,14.74
2003-06-02,22.09,22.10,21.70,21.75,2383200,14.85
2003-05-30,21.83,22.16,21.83,21.91,3189400,14.96
2003-05-29,21.25,21.94,21.21,21.68,5544000,14.80
2003-05-28,20.79,21.05,20.73,21.03,5562900,14.36
2003-05-27,20.15,20.60,20.02,20.54,5187300,14.02
2003-05-23,20.68,20.96,20.60,20.94,4002800,14.30
2003-05-22,20.06,20.50,20.06,20.38,3178600,13.91
2003-05-21,19.89,20.15,19.79,20.10,1659000,13.72
2003-05-20,19.80,20.05,19.80,19.86,1717400,13.56
2003-05-19,19.95,19.96,19.63,19.75,1519200,13.48
2003-05-16,20.31,20.43,20.15,20.28,1136600,13.84
2003-05-15,20.23,20.50,20.21,20.31,2028500,13.87
2003-05-14,20.07,20.13,19.85,20.02,1455200,13.67
2003-05-13,19.75,20.08,19.74,19.89,3359700,13.58
2003-05-12,19.45,19.71,19.44,19.66,1468600,13.42
2003-05-09,19.43,19.62,19.41,19.45,1750300,13.28
2003-05-08,19.10,19.41,18.95,19.14,1867100,13.07
2003-05-07,19.44,19.46,19.00,19.17,3748000,13.09
2003-05-06,19.93,20.33,19.90,20.24,1613900,13.82
2003-05-05,20.05,20.05,19.80,19.91,2016800,13.59
2003-05-02,19.60,19.96,19.51,19.90,2777700,13.59
2003-05-01,19.55,19.63,19.35,19.45,2856700,13.28
2003-04-30,20.20,20.20,19.65,19.76,3824700,13.49
2003-04-29,20.40,20.40,20.03,20.30,1691900,13.86
2003-04-28,20.35,20.59,20.20,20.51,3591100,14.00
2003-04-25,20.22,20.38,20.13,20.24,1245600,13.82
2003-04-24,20.37,20.42,20.17,20.17,1524400,13.77
2003-04-23,20.30,20.43,20.18,20.40,2757100,13.93
2003-04-22,19.69,20.25,19.62,20.24,3096900,13.82
2003-04-21,19.86,19.99,19.69,19.69,2594200,13.44
2003-04-17,19.44,19.95,19.43,19.85,2485900,13.55
2003-04-16,19.56,19.56,19.03,19.03,2400300,12.99
2003-04-15,19.39,19.69,19.34,19.60,2294700,13.38
2003-04-14,19.31,19.60,19.29,19.60,1365800,13.38
2003-04-11,19.40,19.46,19.03,19.30,1112300,13.18
2003-04-10,19.22,19.35,19.06,19.20,1305800,13.11
2003-04-09,19.21,19.39,18.84,18.92,2126100,12.92
2003-04-08,19.20,19.24,18.95,19.00,1604200,12.97
2003-04-07,19.45,19.54,19.24,19.26,5457800,13.15
2003-04-04,18.88,19.06,18.77,19.05,2574600,13.01
2003-04-03,18.96,19.25,18.95,18.96,2489000,12.94
2003-04-02,18.90,19.15,18.90,19.06,3485400,13.01
2003-04-01,18.40,18.64,18.28,18.53,1882600,12.65
2003-03-31,18.00,18.29,17.84,18.22,1623900,12.44
2003-03-28,18.21,18.40,18.12,18.20,1541700,12.42
2003-03-27,18.26,18.55,17.98,18.46,3053900,12.60
2003-03-26,18.62,18.77,18.35,18.58,2036300,12.68
2003-03-25,18.34,18.90,18.28,18.69,2926200,12.76
2003-03-24,18.77,18.93,18.51,18.55,1727900,12.66
2003-03-21,19.20,19.70,19.05,19.45,2227500,13.28
2003-03-20,18.65,19.15,18.57,18.95,1122100,12.94
2003-03-19,18.80,19.00,18.71,18.99,2432400,12.96
2003-03-18,18.75,18.99,18.56,18.74,2499600,12.79
2003-03-17,18.10,18.98,18.00,18.98,3776700,12.96
2003-03-14,18.35,18.44,18.20,18.21,5031300,12.43
2003-03-13,17.45,18.00,17.35,17.98,4385200,12.27
2003-03-12,16.73,16.83,16.25,16.80,3513500,11.47
2003-03-11,16.83,17.33,16.83,17.04,7914600,11.63
2003-03-10,17.42,17.43,16.76,16.90,2657800,11.54
2003-03-07,17.37,17.72,17.36,17.61,1885100,12.02
2003-03-06,17.85,18.05,17.65,17.80,2122400,12.15
2003-03-05,17.90,18.15,17.90,18.14,1758800,12.38
2003-03-04,17.90,17.99,17.73,17.73,1628600,12.10
2003-03-03,18.25,18.30,18.04,18.05,1787500,12.32
2003-02-28,17.90,18.30,17.87,18.10,2204300,12.36
2003-02-27,18.10,18.10,17.65,17.80,3870500,12.15
2003-02-26,17.98,18.35,17.94,18.10,3595600,12.36
2003-02-25,18.00,18.67,17.94,18.39,5525000,12.55
2003-02-24,18.85,18.85,18.65,18.65,2272200,12.73
2003-02-21,18.60,19.00,18.53,18.90,2699200,12.90
2003-02-20,18.65,18.75,18.41,18.69,2873700,12.76
2003-02-19,18.60,18.69,18.27,18.45,2474100,12.60
2003-02-18,18.60,18.90,18.56,18.84,2337800,12.86
2003-02-14,18.55,18.93,18.20,18.78,2067200,12.82
2003-02-13,18.65,18.85,18.47,18.70,1877000,12.77
2003-02-12,18.60,18.98,18.56,18.61,1697200,12.70
2003-02-11,18.69,18.84,18.44,18.58,1634100,12.68
2003-02-10,18.57,18.60,18.27,18.52,1868300,12.64
2003-02-07,18.75,18.84,18.23,18.40,1833100,12.56
2003-02-06,18.45,18.57,18.17,18.30,1258800,12.49
2003-02-05,18.60,18.96,18.51,18.63,1664200,12.72
2003-02-04,18.40,18.49,18.06,18.36,2685600,12.53
2003-02-03,18.62,18.90,18.61,18.67,2411700,12.75
2003-01-31,17.80,18.95,17.75,18.85,6298100,12.87
2003-01-30,18.17,18.30,17.96,18.11,6555900,12.36
2003-01-29,18.17,18.25,17.63,18.12,8560000,12.37
2003-01-28,18.40,18.80,18.28,18.80,3361400,12.83
2003-01-27,18.40,18.70,18.05,18.47,2550400,12.61
2003-01-24,18.85,18.87,18.33,18.40,3574000,12.56
2003-01-23,19.68,19.82,18.85,18.92,6876000,12.92
2003-01-22,19.18,19.39,19.17,19.23,3100900,13.13
2003-01-21,19.32,19.48,19.04,19.15,2881000,13.07
2003-01-17,19.40,19.56,19.14,19.33,3976200,13.20
2003-01-16,19.88,19.99,19.76,19.91,2990000,13.59
2003-01-15,19.96,19.96,19.60,19.89,3262700,13.58
2003-01-14,20.03,20.42,20.02,20.30,4678500,13.86
2003-01-13,19.95,20.12,19.75,20.03,5351500,13.67
2003-01-10,19.10,19.89,19.05,19.56,2930400,13.35
2003-01-09,18.95,19.35,18.86,19.35,3997200,13.21
2003-01-08,18.93,19.25,18.85,19.12,2092700,13.05
2003-01-07,19.72,19.89,19.25,19.42,2623900,13.26
2003-01-06,19.18,20.03,19.15,20.00,3047500,13.65
2003-01-03,18.68,18.98,18.68,18.86,1331300,12.88
2003-01-02,18.33,18.88,18.22,18.71,2019100,12.77
2002-12-31,17.90,18.12,17.87,18.12,1490700,12.37
2002-12-30,17.93,18.05,17.74,17.83,2082700,12.17
2002-12-27,17.90,18.02,17.58,17.60,932600,12.02
2002-12-26,18.08,18.34,18.05,18.15,1118200,12.39
2002-12-24,18.15,18.31,18.05,18.20,460100,12.42
2002-12-23,18.22,18.45,17.97,18.25,1410400,12.46
2002-12-20,18.12,18.54,18.10,18.24,1941000,12.45
2002-12-19,17.84,18.21,17.65,17.81,2206700,12.16
2002-12-18,18.10,18.10,17.60,17.81,1619000,12.16
2002-12-17,18.53,18.65,18.05,18.10,1684200,12.36
2002-12-16,17.93,18.64,17.93,18.55,1723700,12.66
2002-12-13,17.95,18.06,17.72,17.72,1466200,12.10
2002-12-12,18.35,18.36,17.86,18.15,1154400,12.39
2002-12-11,18.20,18.63,18.10,18.30,1967900,12.49
2002-12-10,17.96,18.29,17.94,18.22,1799900,12.44
2002-12-09,18.55,18.70,17.91,17.94,2222100,12.25
2002-12-06,18.10,19.10,18.05,18.90,3621500,12.90
2002-12-05,18.90,18.93,18.38,18.79,2227700,12.83
2002-12-04,18.75,19.24,18.65,18.95,3782500,12.94
2002-12-03,18.90,19.25,18.66,19.25,5397400,13.14
2002-12-02,19.70,19.70,19.28,19.43,3801400,13.26
2002-11-29,19.08,19.09,18.75,18.75,853500,12.80
2002-11-27,18.60,19.15,18.55,19.00,6664600,12.97
2002-11-26,18.39,18.57,18.20,18.32,7215100,12.51
2002-11-25,19.42,19.92,19.16,19.50,6133900,13.31
2002-11-22,19.80,20.18,19.76,20.08,4559000,13.71
2002-11-21,19.32,20.25,19.32,20.19,13165300,13.78
2002-11-20,18.23,19.15,18.22,19.15,5240400,13.07
2002-11-19,18.50,18.83,18.41,18.65,5547600,12.64
2002-11-18,18.80,18.90,18.60,18.64,3848000,12.63
2002-11-15,18.35,18.68,18.21,18.60,2381400,12.60
2002-11-14,18.25,18.93,18.15,18.81,6616700,12.74
2002-11-13,17.12,17.96,17.04,17.71,5616400,12.00
2002-11-12,17.27,18.08,17.25,17.64,8754000,11.95
2002-11-11,15.90,16.06,15.36,15.45,1465500,10.47
2002-11-08,15.80,16.00,15.66,15.98,964300,10.83
2002-11-07,16.15,16.35,15.85,16.04,2116800,10.87
2002-11-06,16.57,16.57,15.80,16.25,3669700,11.01
2002-11-05,16.35,17.02,16.20,16.85,1705700,11.42
2002-11-04,16.62,17.03,16.59,16.63,2192200,11.27
2002-11-01,15.35,16.03,15.26,15.98,2468400,10.83
2002-10-31,16.00,16.26,15.61,15.92,2603200,10.79
2002-10-30,16.00,16.50,15.81,16.47,1930900,11.16
2002-10-29,16.37,16.40,15.60,16.00,3831000,10.84
2002-10-28,16.77,16.95,16.50,16.62,3412200,11.26
2002-10-25,16.22,16.35,15.80,16.26,1589500,11.02
2002-10-24,16.28,16.60,16.15,16.24,2907000,11.00
2002-10-23,15.40,15.75,15.16,15.75,2895900,10.67
2002-10-22,15.00,15.51,15.00,15.39,2714600,10.43
2002-10-21,14.95,15.45,14.76,15.26,1632100,10.34
2002-10-18,15.06,15.48,14.90,15.30,1306700,10.37
2002-10-17,15.47,15.55,14.83,15.23,2696100,10.32
2002-10-16,14.95,15.10,14.41,14.70,2038800,9.96
2002-10-15,15.35,15.75,15.26,15.75,2853300,10.67
2002-10-14,14.78,14.98,14.50,14.88,1210600,10.08
2002-10-11,14.91,15.22,14.86,15.00,2302600,10.16
2002-10-10,13.80,14.60,13.72,14.60,2135900,9.89
2002-10-09,13.46,13.98,13.35,13.58,2100300,9.20
2002-10-08,13.84,13.88,13.46,13.80,2040700,9.35
2002-10-07,13.64,13.85,13.20,13.35,1710500,9.05
2002-10-04,14.27,14.32,13.76,13.84,1615200,9.38
2002-10-03,14.50,14.84,14.35,14.60,3405900,9.89
2002-10-02,13.50,14.40,13.49,13.87,3681300,9.40
2002-10-01,12.95,13.75,12.76,13.75,2570900,9.32
2002-09-30,12.92,13.00,12.58,12.83,2681500,8.69
2002-09-27,13.62,13.79,13.25,13.31,2039600,9.02
2002-09-26,13.40,13.65,13.24,13.60,2205000,9.21
2002-09-25,13.34,13.42,12.25,13.19,3111500,8.94
2002-09-24,12.54,13.08,12.51,12.86,3611400,8.71
2002-09-23,13.36,13.40,13.00,13.20,1599300,8.94
2002-09-20,13.86,13.93,13.62,13.93,1491300,9.44
2002-09-19,13.40,13.54,13.07,13.10,1803600,8.88
2002-09-18,13.52,13.74,13.24,13.71,1831300,9.29
2002-09-17,14.16,14.26,13.46,13.68,2319700,9.27
2002-09-16,14.20,14.42,14.12,14.31,1030000,9.70
2002-09-13,13.85,14.35,13.53,14.25,4764300,9.66
2002-09-12,14.50,14.54,14.15,14.34,2194600,9.72
2002-09-11,15.30,15.30,15.00,15.09,1021800,10.22
2002-09-10,14.91,15.00,14.76,14.95,1613900,10.13
2002-09-09,14.85,14.94,14.51,14.88,2682800,10.08
2002-09-06,15.16,15.26,15.01,15.22,1232500,10.31
2002-09-05,14.53,14.85,14.39,14.74,2237000,9.99
2002-09-04,14.79,15.17,14.72,15.13,2067800,10.25
2002-09-03,15.03,15.03,14.35,14.44,2122100,9.78
2002-08-30,15.80,16.18,15.71,15.99,1333700,10.83
2002-08-29,15.91,16.55,15.87,16.50,2049200,11.18
2002-08-28,16.15,16.24,15.63,15.88,1946700,10.76
2002-08-27,16.76,16.90,16.40,16.51,1202100,11.19
2002-08-26,16.37,16.74,16.31,16.62,1251900,11.26
2002-08-23,16.45,16.62,16.25,16.42,1595400,11.13
2002-08-22,16.55,16.94,16.48,16.87,2586600,11.43
2002-08-21,16.65,16.78,16.17,16.47,2717100,11.16
2002-08-20,16.43,16.49,16.08,16.39,1794000,11.11
2002-08-19,15.95,16.80,15.86,16.80,3506400,11.38
2002-08-16,15.18,15.70,15.18,15.48,1986000,10.49
2002-08-15,14.75,15.00,14.58,14.88,2017600,10.08
2002-08-14,14.28,14.64,13.93,14.57,1827100,9.87
2002-08-13,14.02,14.61,14.02,14.30,1471500,9.69
2002-08-12,14.25,14.44,14.10,14.26,1098400,9.66
2002-08-09,14.35,15.00,14.05,14.84,1478800,10.06
2002-08-08,14.36,14.95,14.22,14.90,2323300,10.10
2002-08-07,14.55,14.68,13.85,14.35,2218700,9.72
2002-08-06,14.05,14.61,14.05,14.36,2354400,9.73
2002-08-05,14.00,14.11,13.44,13.60,2372800,9.21
2002-08-02,14.55,14.70,14.13,14.27,2137200,9.67
2002-08-01,14.75,14.89,14.06,14.15,2096200,9.59
2002-07-31,14.80,15.25,14.65,15.17,1963600,10.28
2002-07-30,15.23,15.66,15.17,15.41,2947100,10.44
2002-07-29,14.77,15.37,14.65,15.35,4012500,10.40
2002-07-26,14.55,14.75,14.37,14.70,2061800,9.96
2002-07-25,14.45,14.89,14.12,14.53,3264900,9.84
2002-07-24,12.95,15.60,12.80,15.00,12477700,10.16
2002-07-23,13.87,14.00,13.00,13.05,3627800,8.84
2002-07-22,14.37,14.82,13.71,13.95,3730100,9.45
2002-07-19,14.95,15.20,14.39,14.40,2494000,9.76
2002-07-18,15.30,15.78,15.29,15.49,2529200,10.50
2002-07-17,15.19,15.47,14.85,14.85,5176000,10.06
2002-07-16,13.71,14.65,13.71,14.40,2774000,9.76
2002-07-15,13.95,13.95,13.27,13.79,3384700,9.34
2002-07-12,14.22,14.28,13.75,14.05,2719900,9.52
2002-07-11,13.53,14.22,13.17,14.15,3476700,9.59
2002-07-10,14.03,14.10,13.27,13.34,2241900,9.04
2002-07-09,13.83,14.22,13.62,13.87,1714300,9.40
2002-07-08,14.11,14.60,14.11,14.35,3417800,9.72
2002-07-05,13.69,14.25,13.69,14.08,1386600,9.54
2002-07-03,12.45,12.78,12.10,12.76,2765400,8.65
2002-07-02,13.27,13.37,12.63,12.85,2992400,8.71
2002-07-01,13.82,13.97,13.55,13.56,3294500,9.19
2002-06-28,13.53,13.97,13.49,13.65,2054900,9.25
2002-06-27,13.65,13.93,13.31,13.85,2153900,9.38
2002-06-26,12.90,13.55,12.82,13.43,5961100,9.10
2002-06-25,13.61,13.70,13.27,13.30,2429200,9.01
2002-06-24,13.13,13.49,12.91,13.40,2967700,9.08
2002-06-21,13.55,13.67,13.07,13.17,3305200,8.92
2002-06-20,13.36,13.54,13.10,13.13,2605800,8.90
2002-06-19,13.35,13.71,13.34,13.52,1941300,9.16
2002-06-18,13.90,14.07,13.75,13.85,3016400,9.38
2002-06-17,13.96,14.21,13.90,14.20,2745200,9.62
2002-06-14,13.15,13.56,13.07,13.50,3561000,9.15
2002-06-13,14.05,14.19,13.81,13.89,2203100,9.41
2002-06-12,14.26,14.55,14.10,14.37,2972400,9.74
2002-06-11,14.67,14.70,14.35,14.37,2665500,9.74
2002-06-10,14.22,14.31,13.96,13.96,1728800,9.46
2002-06-07,13.26,14.29,13.26,14.16,2822100,9.59
2002-06-06,14.64,14.65,13.80,13.89,3704800,9.41
2002-06-05,14.63,14.80,14.36,14.64,2218400,9.92
2002-06-04,14.55,14.72,14.47,14.72,2608300,9.89
2002-06-03,14.90,15.02,14.80,14.90,3066500,10.01
2002-05-31,14.98,15.08,14.90,14.93,2618900,10.03
2002-05-30,15.07,15.10,14.54,14.89,3421400,10.01
2002-05-29,15.21,15.51,15.20,15.32,1594200,10.29
2002-05-28,15.64,15.67,14.95,15.19,2987100,10.21
2002-05-24,16.48,16.60,16.20,16.20,1858200,10.89
2002-05-23,15.86,16.25,15.70,16.15,2209100,10.85
2002-05-22,15.45,15.84,15.44,15.77,1290300,10.60
2002-05-21,16.29,16.40,15.65,15.74,2547300,10.58
2002-05-20,16.00,16.07,15.76,15.87,1209900,10.66
2002-05-17,16.02,16.10,15.64,15.80,1547100,10.62
2002-05-16,16.16,16.27,15.84,16.10,2152100,10.82
2002-05-15,15.97,16.48,15.80,16.36,7173000,10.99
2002-05-14,15.79,15.90,15.55,15.63,3514400,10.50
2002-05-13,14.88,15.10,14.73,15.00,4454500,10.08
2002-05-10,15.13,15.23,14.65,14.71,4064800,9.88
2002-05-09,16.00,16.28,15.55,15.59,5148800,10.48
2002-05-08,14.70,15.33,14.70,15.30,4820600,10.28
2002-05-07,14.12,14.19,13.78,13.85,5095200,9.31
2002-05-06,13.91,14.04,13.79,13.91,5256500,9.35
2002-05-03,14.57,14.70,13.88,13.91,7250600,9.35
2002-05-02,15.86,16.09,15.70,15.87,1897300,10.66
2002-05-01,16.21,16.36,15.85,16.36,2607300,10.99
2002-04-30,15.78,16.24,15.77,16.20,1673100,10.89
2002-04-29,16.01,16.14,15.81,16.00,1854800,10.75
2002-04-26,16.36,16.49,15.70,15.79,2243200,10.61
2002-04-25,15.42,16.46,15.27,16.35,5944600,10.99
2002-04-24,15.58,15.76,15.37,15.50,2839700,10.42
2002-04-23,15.36,15.72,15.34,15.40,5093900,10.35
2002-04-22,16.06,16.24,15.93,16.05,2194800,10.78
2002-04-19,16.73,17.18,16.57,17.09,1847400,11.48
2002-04-18,17.10,17.27,16.70,17.02,2550700,11.44
2002-04-17,18.16,18.17,17.71,17.76,2650000,11.93
2002-04-16,17.39,17.95,17.37,17.95,4596700,12.06
2002-04-15,16.55,16.93,16.50,16.79,4087200,11.28
2002-04-12,16.15,16.22,15.56,15.90,6456600,10.68
2002-04-11,16.36,16.50,15.60,15.61,6994000,10.49
2002-04-10,16.94,17.30,16.91,17.16,6818900,11.53
2002-04-09,17.41,17.50,17.02,17.09,5599400,11.48
2002-04-08,18.14,18.40,17.91,18.37,1877500,12.34
2002-04-05,18.98,19.06,18.66,18.80,1781400,12.63
2002-04-04,18.52,18.85,18.45,18.76,1083400,12.61
2002-04-03,18.75,18.80,18.40,18.54,2984700,12.46
2002-04-02,18.46,18.59,18.25,18.40,1945000,12.36
2002-04-01,18.33,18.73,18.00,18.66,1563500,12.54
2002-03-28,18.61,18.74,18.32,18.43,1705300,12.38
2002-03-27,18.44,18.55,18.20,18.39,2544800,12.36
2002-03-26,18.08,18.65,17.97,18.37,2860300,12.34
2002-03-25,18.99,19.13,18.22,18.34,2807900,12.32
2002-03-22,19.37,19.47,18.78,19.10,2108100,12.83
2002-03-21,19.92,19.94,19.52,19.94,2058000,13.40
2002-03-20,19.30,19.70,19.14,19.47,1910400,13.08
2002-03-19,19.69,19.70,19.31,19.45,2052500,13.07
2002-03-18,20.18,20.24,19.85,19.99,1943300,13.43
2002-03-15,19.57,19.93,19.52,19.90,1551000,13.37
2002-03-14,19.78,20.00,19.75,19.91,2133900,13.38
2002-03-13,19.78,19.99,19.57,19.66,2035900,13.21
2002-03-12,19.30,19.62,19.20,19.46,4480100,13.08
2002-03-11,20.27,20.27,19.85,20.05,2289400,13.47
2002-03-08,20.78,20.94,20.54,20.75,2103400,13.94
2002-03-07,20.97,20.97,20.20,20.63,2356000,13.86
2002-03-06,19.65,20.63,19.61,20.46,4796500,13.75
2002-03-05,19.53,19.65,19.20,19.37,2074100,13.02
2002-03-04,19.17,19.67,19.14,19.64,2729000,13.20
2002-03-01,18.80,19.08,18.70,19.08,3973500,12.82
2002-02-28,19.31,19.45,18.77,19.00,1817400,12.77
2002-02-27,19.32,19.70,19.22,19.46,3891500,13.08
2002-02-26,18.70,18.78,18.26,18.56,2562400,12.47
2002-02-25,18.00,18.40,17.78,18.28,2295600,12.28
2002-02-22,18.17,18.55,18.13,18.49,2605800,12.42
2002-02-21,18.31,18.75,18.22,18.46,2667600,12.40
2002-02-20,18.05,18.50,17.65,18.49,4108100,12.42
2002-02-19,18.18,18.38,17.74,17.88,4214700,12.01
2002-02-15,19.43,19.56,18.67,18.92,1893500,12.71
2002-02-14,19.00,19.16,18.82,19.00,4508200,12.77
2002-02-13,19.24,19.41,19.10,19.20,6599500,12.90
2002-02-12,19.78,19.89,19.33,19.55,3949600,13.14
2002-02-11,20.32,20.55,20.21,20.48,3152300,13.76
2002-02-08,20.24,20.60,20.12,20.50,2970100,13.77
2002-02-07,19.96,20.40,19.89,20.12,3690300,13.52
2002-02-06,19.65,19.74,19.00,19.68,4302100,13.22
2002-02-05,20.40,20.53,19.88,19.95,6689100,13.41
2002-02-04,21.37,21.38,20.52,20.69,3481500,13.90
2002-02-01,21.80,21.94,21.61,21.70,1662300,14.58
2002-01-31,21.68,21.80,21.35,21.70,2464200,14.58
2002-01-30,21.32,21.64,21.02,21.55,3651800,14.48
2002-01-29,22.27,22.28,21.40,21.45,4324200,14.41
2002-01-28,22.86,22.92,22.40,22.65,1873000,15.22
2002-01-25,22.95,23.00,22.65,22.75,2608200,15.29
2002-01-24,23.47,23.55,23.24,23.40,2139300,15.72
2002-01-23,22.80,23.09,22.50,23.03,3023600,15.47
2002-01-22,23.48,23.59,22.88,22.98,2179700,15.44
2002-01-18,23.50,23.97,23.40,23.80,2520800,15.99
2002-01-17,23.95,24.02,23.60,23.97,2705500,16.11
2002-01-16,23.27,23.59,23.05,23.05,2297300,15.49
2002-01-15,23.53,24.00,23.41,23.51,5202200,15.80
2002-01-14,23.75,23.75,22.88,23.14,6050700,15.55
2002-01-11,24.28,24.38,23.83,23.90,3523300,16.06
2002-01-10,23.64,23.97,23.45,23.68,4601800,15.91
2002-01-09,25.25,25.29,23.60,23.75,8485900,15.96
2002-01-08,25.58,25.78,25.35,25.45,2520500,17.10
2002-01-07,26.43,26.56,25.75,25.80,2884900,17.34
2002-01-04,26.87,26.95,26.41,26.62,1994800,17.89
2002-01-03,26.05,26.72,26.03,26.69,2037600,17.93
2002-01-02,25.95,25.99,25.52,25.93,1660300,17.42
2001-12-31,26.00,26.03,25.41,25.68,1440500,17.26
2001-12-28,26.25,26.29,25.85,26.25,1389600,17.64
2001-12-27,26.18,26.29,25.81,25.97,1314300,17.45
2001-12-26,25.50,26.13,25.49,26.08,1128300,17.52
2001-12-24,25.66,25.78,25.54,25.56,684500,17.17
2001-12-21,25.35,25.50,25.11,25.40,1982900,17.07
2001-12-20,25.48,25.68,25.17,25.20,2671000,16.93
2001-12-19,25.60,25.70,25.23,25.23,4642100,16.95
2001-12-18,26.70,26.73,25.96,26.18,4521100,17.59
2001-12-17,26.15,26.50,26.07,26.49,3237700,17.80
2001-12-14,25.56,25.75,25.32,25.70,2462500,17.27
2001-12-13,25.18,25.44,24.89,24.97,2643500,16.78
2001-12-12,25.89,26.10,25.55,26.10,2359900,17.54
2001-12-11,26.05,26.26,25.90,25.95,2272200,17.44
2001-12-10,26.29,26.53,25.96,25.96,2115100,17.44
2001-12-07,27.15,27.36,26.66,27.00,2671000,18.14
2001-12-06,27.35,27.75,27.33,27.58,2958900,18.53
2001-12-05,26.61,27.30,26.61,27.23,3493400,18.30
2001-12-04,25.93,26.30,25.75,26.25,2569300,17.64
2001-12-03,25.61,25.69,25.16,25.65,2043300,17.24
2001-11-30,25.40,25.67,25.20,25.34,6313800,17.03
2001-11-29,25.97,26.02,25.50,25.85,3693200,17.37
2001-11-28,26.08,26.25,25.65,25.65,2755700,17.24
2001-11-27,26.68,26.94,26.15,26.60,3392800,17.87
2001-11-26,26.50,27.20,26.50,27.14,4115300,18.24
2001-11-23,25.72,25.99,25.59,25.90,845200,17.40
2001-11-21,25.44,26.12,25.32,25.96,2183100,17.44
2001-11-20,26.00,26.15,25.06,25.14,6095600,16.89
2001-11-19,26.83,26.93,26.27,26.70,3089000,17.86
2001-11-16,26.58,26.94,26.27,26.45,3004600,17.70
2001-11-15,26.46,26.84,26.25,26.30,3150500,17.60
2001-11-14,26.25,26.34,25.68,26.19,3960100,17.52
2001-11-13,25.90,26.14,25.65,25.99,3424200,17.39
2001-11-12,25.15,25.63,24.70,25.37,1483800,16.97
2001-11-09,25.90,25.99,25.46,25.88,2790700,17.31
2001-11-08,25.85,26.40,25.61,25.90,3785100,17.33
2001-11-07,25.55,25.76,25.35,25.62,3678200,17.14
2001-11-06,24.71,25.50,24.64,25.41,5146100,17.00
2001-11-05,23.90,24.25,23.83,24.12,2219900,16.14
2001-11-02,23.61,23.81,23.50,23.68,2107200,15.84
2001-11-01,23.30,23.60,22.81,23.58,3029200,15.78
2001-10-31,23.30,23.38,22.87,23.12,2661900,15.47
2001-10-30,22.97,23.09,22.61,22.86,2750900,15.29
2001-10-29,23.81,23.81,23.21,23.25,3106700,15.55
2001-10-26,23.44,23.89,23.36,23.57,2276700,15.77
2001-10-25,23.00,23.45,22.80,23.40,3199000,15.66
2001-10-24,23.78,23.86,23.26,23.61,3012100,15.80
2001-10-23,24.10,24.28,23.72,23.77,2703400,15.90
2001-10-22,23.45,23.85,23.40,23.79,1328900,15.92
2001-10-19,23.35,23.48,23.08,23.37,1428800,15.64
2001-10-18,23.66,23.83,23.31,23.46,1874200,15.70
2001-10-17,24.13,24.29,23.66,23.67,3139600,15.84
2001-10-16,22.95,23.48,22.84,23.44,3416600,15.68
2001-10-15,22.60,22.77,22.45,22.65,2635100,15.15
2001-10-12,22.55,22.83,22.18,22.75,5601200,15.22
2001-10-11,24.10,24.25,23.10,23.35,6738500,15.62
2001-10-10,23.35,24.50,23.21,24.49,4530900,16.38
2001-10-09,23.72,23.77,23.20,23.20,2809900,15.52
2001-10-08,23.02,23.90,22.93,23.77,3510300,15.90
2001-10-05,23.12,23.49,22.82,23.46,4231700,15.70
2001-10-04,22.96,23.43,22.72,22.80,4655700,15.25
2001-10-03,21.25,22.94,21.11,22.76,4110500,15.23
2001-10-02,21.49,21.96,21.40,21.86,2023900,14.62
2001-10-01,21.69,21.86,21.51,21.80,2131000,14.58
2001-09-28,21.60,22.26,21.47,21.96,5632000,14.69
2001-09-27,21.37,21.48,20.88,21.23,4730300,14.20
2001-09-26,21.25,21.69,21.11,21.37,4368300,14.30
2001-09-25,20.94,21.19,20.65,20.99,2474900,14.04
2001-09-24,20.81,21.22,20.53,20.95,3144300,14.02
2001-09-21,19.76,21.03,19.64,20.91,3852400,13.99
2001-09-20,20.80,21.25,20.27,20.44,5025400,13.67
2001-09-19,20.93,21.14,20.35,20.96,3936300,14.02
2001-09-18,19.80,20.60,19.63,20.30,2944500,13.58
2001-09-17,18.85,19.74,18.67,19.71,2717400,13.19
2001-09-10,19.30,20.22,19.21,19.98,3366300,13.37
2001-09-07,19.50,19.78,19.22,19.60,3444800,13.11
2001-09-06,19.83,20.05,19.65,19.92,3948700,13.33
2001-09-05,20.75,21.01,20.35,20.96,6840100,14.02
2001-09-04,20.10,20.80,20.00,20.01,4843100,13.39
2001-08-31,19.72,20.15,19.61,20.15,4619100,13.48
2001-08-30,19.71,20.08,19.35,19.55,4711400,13.08
2001-08-29,19.50,19.65,19.21,19.64,3932400,13.14
2001-08-28,19.50,19.58,19.00,19.10,3352500,12.78
2001-08-27,19.10,19.50,19.05,19.29,2375600,12.91
2001-08-24,19.41,19.50,18.96,19.20,3407600,12.85
2001-08-23,18.92,19.07,18.55,18.66,2752600,12.48
2001-08-22,19.62,19.63,18.86,19.22,6072800,12.86
2001-08-21,19.01,19.32,18.62,18.69,4179000,12.50
2001-08-20,18.37,18.75,18.21,18.75,2890900,12.54
2001-08-17,18.39,18.40,17.97,18.25,3639800,12.21
2001-08-16,18.96,19.00,18.60,18.90,6762300,12.64
2001-08-15,19.75,19.94,19.36,19.56,3118700,13.09
2001-08-14,20.19,20.19,19.62,19.63,4814400,13.13
2001-08-13,19.58,19.59,19.08,19.21,3813300,12.85
2001-08-10,19.60,19.74,19.33,19.54,4827200,13.07
2001-08-09,19.50,19.69,19.22,19.40,5117200,12.98
2001-08-08,20.34,20.34,19.42,19.45,5761300,13.01
2001-08-07,21.31,21.38,20.75,20.75,5403600,13.88
2001-08-06,21.75,21.83,21.32,21.35,3676200,14.28
2001-08-03,22.21,22.30,21.85,21.85,3233600,14.62
2001-08-02,22.50,22.74,22.20,22.40,5719900,14.99
2001-08-01,22.00,22.00,21.30,21.40,4221200,14.32
2001-07-31,21.52,21.89,21.36,21.55,5583500,14.42
2001-07-30,21.71,21.89,21.33,21.72,7352700,14.53
2001-07-27,20.41,20.64,20.13,20.60,5706400,13.78
2001-07-26,19.85,19.88,19.18,19.65,3773900,13.15
2001-07-25,19.92,20.05,19.45,19.75,7637100,13.21
2001-07-24,20.65,20.87,19.79,19.91,5142600,13.32
2001-07-23,20.97,21.13,20.80,20.81,5314500,13.92
2001-07-20,20.30,20.33,19.76,19.78,6204100,13.23
2001-07-19,20.81,21.13,20.66,20.70,4966100,13.85
2001-07-18,20.36,20.65,20.20,20.30,3713700,13.58
2001-07-17,20.49,20.78,20.32,20.71,5594100,13.86
2001-07-16,21.61,21.63,21.09,21.13,2219800,14.14
2001-07-13,21.58,22.10,21.45,21.61,4571500,14.46
2001-07-12,21.12,21.70,21.00,21.70,4824100,14.52
2001-07-11,20.98,21.04,20.12,20.19,4764800,13.51
2001-07-10,22.10,22.19,21.36,21.44,4538700,14.34
2001-07-09,21.17,21.59,21.01,21.55,5807300,14.42
2001-07-06,21.65,21.70,21.14,21.55,1985900,14.42
2001-07-05,21.69,22.05,21.55,21.75,3285500,14.55
2001-07-03,23.20,23.20,22.63,22.63,2313200,15.14
2001-07-02,23.30,23.75,22.53,23.50,3772500,15.72
2001-06-29,22.12,22.40,21.85,22.35,5256000,14.95
2001-06-28,21.52,22.61,21.51,22.37,6452900,14.97
2001-06-27,20.94,20.99,20.53,20.56,5172900,13.76
2001-06-26,20.75,21.00,20.68,20.88,5854600,13.97
2001-06-25,21.74,21.80,21.15,21.33,4420300,14.27
2001-06-22,21.53,21.85,21.41,21.70,4985600,14.52
2001-06-21,22.45,22.70,22.21,22.50,6303200,15.05
2001-06-20,21.98,22.65,21.90,22.62,5704800,15.13
2001-06-19,23.02,23.09,22.40,22.42,2763000,15.00
2001-06-18,22.57,22.89,22.15,22.15,6215600,14.82
2001-06-15,22.55,23.24,22.44,23.13,5367500,15.47
2001-06-14,23.03,23.19,22.81,22.95,6381600,15.35
2001-06-13,23.75,23.88,23.35,23.41,4235000,15.66
2001-06-12,23.10,23.74,23.00,23.59,8838300,15.78
2001-06-11,24.50,24.76,24.07,24.40,3217300,16.32
2001-06-08,25.40,25.40,24.87,25.05,1645300,16.76
2001-06-07,24.63,25.61,24.58,25.52,4267500,17.07
2001-06-06,25.40,25.50,24.49,24.59,3068100,16.45
2001-06-05,24.58,25.53,24.51,25.46,5536100,16.97
2001-06-04,24.68,24.75,24.05,24.35,6350500,16.23
2001-06-01,25.28,25.28,24.56,25.06,10696800,16.70
2001-05-31,25.47,26.82,25.41,25.89,5552600,17.25
2001-05-30,26.04,26.14,25.46,25.48,8767400,16.98
2001-05-29,26.84,27.00,26.56,26.85,8128100,17.89
2001-05-25,27.25,27.85,27.06,27.85,2195500,18.56
2001-05-24,27.90,27.90,27.24,27.43,3470500,18.28
2001-05-23,27.93,28.03,27.60,27.67,3484700,18.44
2001-05-22,29.15,29.16,28.42,28.42,4527100,18.94
2001-05-21,28.15,29.18,28.13,29.18,3790800,19.44
2001-05-18,28.45,28.54,28.02,28.40,2192400,18.92
2001-05-17,28.58,28.94,28.34,28.71,4468500,19.13
2001-05-16,27.30,28.49,27.23,28.44,3733700,18.95
2001-05-15,27.83,28.10,27.55,27.79,3590900,18.52
2001-05-14,28.15,28.30,27.36,27.90,3601600,18.59
2001-05-11,29.00,29.08,28.41,28.59,3052000,19.05
2001-05-10,29.10,29.10,28.61,28.65,4039100,19.09
2001-05-09,27.67,28.30,27.60,28.10,2885100,18.72
2001-05-08,28.65,28.68,27.91,28.05,3116200,18.69
2001-05-07,28.65,28.80,28.25,28.41,3301000,18.93
2001-05-04,27.48,28.75,27.45,28.62,4681500,19.07
2001-05-03,27.40,27.49,27.08,27.26,9924300,18.16
2001-05-02,28.70,28.95,27.99,28.04,8808800,18.68
2001-05-01,29.65,29.85,28.71,29.13,8773600,19.41
2001-04-30,30.75,30.90,29.91,30.28,3146900,20.18
2001-04-27,30.48,30.60,30.15,30.60,1672500,20.39
2001-04-26,30.15,30.37,29.92,30.14,5069900,20.08
2001-04-25,29.80,30.69,29.52,30.69,7176700,20.45
2001-04-24,31.00,31.54,30.41,30.44,2896500,20.28
2001-04-23,31.27,31.62,30.76,30.90,4208100,20.59
2001-04-20,32.19,32.34,31.60,32.00,2584600,21.32
2001-04-19,32.50,33.31,32.11,33.26,5141500,22.16
2001-04-18,30.99,32.75,30.79,32.50,6134700,21.66
2001-04-17,29.59,30.30,29.40,30.30,2419000,20.19
2001-04-16,31.28,31.28,30.45,30.82,1687800,20.54
2001-04-12,31.03,31.70,30.83,31.51,3703200,21.00
2001-04-11,31.63,31.66,30.94,31.17,4573300,20.77
2001-04-10,31.20,31.54,30.85,31.01,7771000,20.66
2001-04-09,29.95,30.21,29.48,29.80,2944800,19.86
2001-04-06,28.60,29.38,28.35,28.81,4107100,19.20
2001-04-05,28.93,29.08,27.75,28.82,4527400,19.20
2001-04-04,27.30,28.11,27.13,27.69,4398100,18.45
2001-04-03,27.46,27.48,26.10,26.18,5228900,17.44
2001-04-02,27.38,27.60,26.87,26.93,3192700,17.94
2001-03-30,28.13,28.20,26.97,27.15,4883000,18.09
2001-03-29,27.98,28.55,27.72,27.91,2869300,18.60
2001-03-28,29.20,29.30,28.41,28.46,4227300,18.96
2001-03-27,29.90,30.87,29.65,30.86,4697700,20.56
2001-03-26,29.40,29.54,29.00,29.23,3950900,19.48
2001-03-23,28.20,28.29,27.25,27.76,3061400,18.50
2001-03-22,28.05,28.10,26.57,27.91,7935100,18.60
2001-03-21,28.21,29.18,28.07,28.53,5848700,19.01
2001-03-20,29.49,29.88,28.75,28.77,4367400,19.17
2001-03-19,28.48,29.24,28.12,29.24,4336800,19.48
2001-03-16,29.03,29.03,28.00,28.10,3695500,18.72
2001-03-15,29.81,29.94,29.16,29.17,5575300,19.44
2001-03-14,27.58,29.30,27.58,27.90,7594900,18.59
2001-03-13,29.61,29.70,28.76,29.39,3606700,19.58
2001-03-12,28.37,29.20,28.06,28.38,2702300,18.91
2001-03-09,30.35,30.50,29.03,29.61,4390400,19.73
2001-03-08,30.75,30.91,29.92,30.31,4766300,20.20
2001-03-07,30.61,30.65,29.08,29.34,2966800,19.55
2001-03-06,29.75,30.62,29.58,30.05,8544600,20.02
2001-03-05,27.59,27.99,27.50,27.75,3673800,18.49
2001-03-02,26.52,27.24,26.30,26.50,4388000,17.66
2001-03-01,26.45,27.15,25.81,27.06,7092300,18.03
2001-02-28,27.30,27.70,26.90,27.31,3247900,18.20
2001-02-27,27.97,28.04,27.25,27.25,3113300,18.16
2001-02-26,27.33,27.95,27.01,27.75,3682200,18.49
2001-02-23,26.70,27.00,25.80,26.90,6406800,17.92
2001-02-22,27.65,27.74,27.01,27.45,6419600,18.29
2001-02-21,26.50,27.34,25.96,26.01,7759700,17.33
2001-02-20,28.50,28.69,27.21,27.38,5259400,18.24
2001-02-16,30.11,30.49,28.32,28.59,14644900,19.05
2001-02-15,31.33,31.64,31.19,31.21,4163900,20.80
2001-02-14,30.79,31.13,29.91,31.09,7595800,20.72
2001-02-13,31.99,32.24,30.64,30.73,5444800,20.48
2001-02-12,31.80,32.89,31.65,32.76,4439400,21.83
2001-02-09,31.50,31.60,30.96,31.01,2985700,20.66
2001-02-08,32.78,32.90,32.25,32.36,2120500,21.56
2001-02-07,32.38,32.55,32.11,32.55,5712100,21.69
2001-02-06,33.95,34.10,33.31,33.49,3923800,22.32
2001-02-05,34.03,34.44,33.88,34.37,2007900,22.90
2001-02-02,34.90,34.93,34.12,34.17,2656800,22.77
2001-02-01,35.03,35.19,34.75,35.10,4140900,23.39
2001-01-31,35.60,35.70,34.90,34.97,4158800,23.30
2001-01-30,35.87,36.50,35.60,36.25,5176400,24.16
2001-01-29,35.03,35.64,34.92,35.62,3707800,23.74
2001-01-26,34.50,35.56,34.31,35.50,6942800,23.66
2001-01-25,34.69,35.00,34.25,34.25,6408200,22.82
2001-01-24,34.44,34.63,33.88,34.06,5366400,22.70
2001-01-23,33.44,33.81,33.19,33.81,3576100,22.53
2001-01-22,33.69,34.13,33.50,33.63,3709700,22.41
2001-01-19,34.94,35.06,34.44,34.63,9124200,23.07
2001-01-18,33.81,34.81,33.63,34.50,6931300,22.99
2001-01-17,33.81,34.13,33.44,33.50,4973100,22.32
2001-01-16,33.13,33.44,32.63,33.31,3980300,22.20
2001-01-12,34.63,34.88,33.88,34.38,6507400,22.91
2001-01-11,33.56,34.69,33.25,34.63,8075100,23.07
2001-01-10,31.50,32.75,31.44,32.75,20927800,21.82
2001-01-09,33.44,33.75,32.38,33.00,5496500,21.99
2001-01-08,34.38,36.00,33.38,34.25,7125800,22.82
2001-01-05,36.94,37.00,35.81,35.88,8280200,23.91
2001-01-04,36.19,36.63,35.56,36.13,4736400,24.07
2001-01-03,34.00,37.00,33.00,36.69,10047600,24.45
2001-01-02,36.31,36.44,34.25,34.50,6852500,22.99
2000-12-29,36.25,36.31,35.75,35.81,3849700,23.86
2000-12-28,34.25,34.69,34.06,34.25,2413900,22.82
2000-12-27,35.00,35.50,34.75,35.00,2504100,23.32
2000-12-26,34.44,34.44,33.69,34.25,1926800,22.82
2000-12-22,34.31,34.88,33.88,34.44,2856600,22.95
2000-12-21,34.44,34.94,33.69,34.31,5787900,22.86
2000-12-20,35.56,36.31,35.25,35.44,2920500,23.61
2000-12-19,37.31,37.56,36.25,36.25,2037100,24.16
2000-12-18,38.00,38.19,36.44,36.63,3134400,24.40
2000-12-15,37.94,38.19,37.13,37.50,2034600,24.99
2000-12-14,37.94,38.25,36.75,37.25,2780600,24.82
2000-12-13,39.75,39.94,38.44,38.56,2611800,25.70
2000-12-12,39.44,40.31,39.19,39.50,3249000,26.32
2000-12-11,39.50,40.25,39.38,39.69,4085100,26.45
2000-12-08,38.94,39.06,38.19,38.69,3449100,25.78
2000-12-07,37.19,38.06,37.06,37.69,3250900,25.11
2000-12-06,38.44,38.69,38.00,38.19,4963900,25.45
2000-12-05,37.13,37.56,36.38,37.56,7375500,25.03
2000-12-04,36.31,36.56,35.94,36.13,3590800,24.07
2000-12-01,35.81,37.19,35.75,36.13,4612600,24.07
2000-11-30,33.94,34.75,33.69,34.38,2998800,22.91
2000-11-29,35.06,35.38,34.44,34.81,2440600,23.20
2000-11-28,35.06,35.31,33.75,34.00,2798900,22.66
2000-11-27,36.94,37.13,35.75,36.06,2439000,24.03
2000-11-24,36.00,36.25,35.56,36.25,1999700,24.16
2000-11-22,34.75,34.88,33.69,34.19,3082400,22.78
2000-11-21,34.69,35.44,34.50,35.06,3628800,23.36
2000-11-20,36.00,36.06,34.63,34.75,4496300,23.08
2000-11-17,38.06,38.38,37.13,37.19,3698800,24.70
2000-11-16,37.25,37.81,37.19,37.44,3049900,24.87
2000-11-15,37.75,37.94,36.75,37.50,4364600,24.91
2000-11-14,37.25,38.50,36.56,38.31,8057800,25.45
2000-11-13,34.13,34.75,33.63,34.44,5272400,22.88
2000-11-10,34.69,35.00,34.19,34.19,3459100,22.71
2000-11-09,35.31,36.13,35.00,35.56,4286000,23.62
2000-11-08,36.50,36.94,35.94,36.13,4100500,24.00
2000-11-07,35.75,37.00,35.56,36.50,8085300,24.25
2000-11-06,34.75,35.25,34.38,34.75,5430400,23.08
2000-11-03,37.38,37.63,36.06,36.38,6920600,24.16
2000-11-02,39.69,39.69,35.88,36.75,12916800,24.41
2000-11-01,40.00,40.38,39.50,40.38,2847200,26.82
2000-10-31,41.81,42.63,41.44,42.56,4936500,28.27
2000-10-30,41.69,42.25,41.00,41.81,2142600,27.77
2000-10-27,40.69,42.25,40.38,41.88,4954900,27.82
2000-10-26,39.25,39.75,38.13,39.31,3617100,26.11
2000-10-25,39.69,40.25,38.63,39.19,5726000,26.03
2000-10-24,41.38,41.81,40.50,40.81,13938600,27.11
2000-10-23,40.44,41.31,40.13,40.94,2581100,27.19
2000-10-20,39.00,41.31,38.94,41.13,7325600,27.32
2000-10-19,39.25,40.69,38.38,40.63,5551200,26.99
2000-10-18,35.75,37.94,35.19,37.25,4060000,24.74
2000-10-17,37.13,37.19,35.63,36.44,5067100,24.20
2000-10-16,38.00,38.50,37.31,37.50,5641900,24.91
2000-10-13,36.00,38.50,35.88,38.38,4559600,25.49
2000-10-12,35.75,35.81,33.88,34.13,3396400,22.67
2000-10-11,35.13,35.56,34.13,34.19,7261200,22.71
2000-10-10,35.94,36.38,35.50,35.75,5367900,23.75
2000-10-09,36.06,36.06,34.88,36.00,4205200,23.91
2000-10-06,37.81,37.81,35.00,35.75,6043000,23.75
2000-10-05,37.69,38.88,37.69,37.94,5988800,25.20
2000-10-04,36.00,37.63,35.63,37.06,3154600,24.62
2000-10-03,37.19,37.19,36.13,36.25,2413000,24.08
2000-10-02,37.31,37.50,36.94,37.06,2722000,24.62
2000-09-29,36.69,37.69,36.44,37.00,3839300,24.58
2000-09-28,35.50,37.19,35.38,37.06,3535800,24.62
2000-09-27,37.25,37.31,36.25,36.94,3628700,24.54
2000-09-26,35.75,36.44,35.50,35.69,7191800,23.71
2000-09-25,35.31,35.75,34.81,35.06,11107200,23.29
2000-09-22,34.25,34.88,33.56,34.13,8701500,22.67
2000-09-21,34.13,34.56,33.56,34.31,10017200,22.79
2000-09-20,36.50,36.69,33.75,35.00,11807300,23.25
2000-09-19,37.06,37.56,36.38,37.38,4150000,24.83
2000-09-18,37.44,38.00,35.13,35.13,4941000,23.33
2000-09-15,38.00,38.25,36.50,37.25,3620900,24.74
2000-09-14,39.00,39.00,38.06,38.38,2840100,25.49
2000-09-13,37.38,37.75,37.06,37.63,3612300,24.99
2000-09-12,37.88,38.63,37.81,38.31,4625600,25.45
2000-09-11,38.44,38.75,37.31,37.50,6629400,24.91
2000-09-08,40.31,40.44,39.88,39.88,2720600,26.49
2000-09-07,41.13,42.00,41.00,41.69,2714400,27.69
2000-09-06,41.44,41.63,40.56,40.69,3058200,27.03
2000-09-05,42.81,43.50,41.56,41.81,4066600,27.77
2000-09-01,43.88,44.31,42.69,44.31,4480700,29.43
2000-08-31,39.69,41.25,39.50,41.13,4357100,27.32
2000-08-30,39.75,40.13,38.81,39.00,3377400,25.91
2000-08-29,39.63,39.88,39.00,39.00,3216500,25.91
2000-08-28,39.50,40.06,39.38,39.88,4302300,26.49
2000-08-25,39.31,39.75,38.81,39.69,2693200,26.36
2000-08-24,39.38,39.44,38.50,39.13,5420100,25.99
2000-08-23,38.00,38.06,37.13,37.63,5753100,24.99
2000-08-22,38.56,39.19,38.13,38.31,4728900,25.45
2000-08-21,40.25,40.31,38.19,39.25,5071200,26.07
2000-08-18,39.94,40.25,39.56,40.19,3063500,26.69
2000-08-17,41.00,41.63,40.00,40.75,3594100,27.07
2000-08-16,42.00,42.81,41.63,41.88,2326600,27.82
2000-08-15,41.50,42.56,41.25,42.25,4047900,28.06
2000-08-14,41.50,41.69,41.13,41.31,4348800,27.44
2000-08-11,40.44,40.75,40.13,40.75,2047500,27.07
2000-08-10,41.81,41.81,40.63,40.88,3099700,27.15
2000-08-09,43.00,43.06,41.50,41.81,2180800,27.77
2000-08-08,41.75,42.00,41.50,41.75,2550500,27.73
2000-08-07,41.38,41.56,40.38,40.63,2685100,26.99
2000-08-04,43.19,43.44,41.38,41.75,4029500,27.73
2000-08-03,40.31,41.56,40.06,41.56,3944400,27.61
2000-08-02,42.13,42.13,40.50,41.00,4479600,27.23
2000-08-01,43.94,44.06,42.81,42.94,1761000,28.52
2000-07-31,42.50,43.44,42.06,43.13,2235700,28.65
2000-07-28,43.25,43.75,41.81,42.50,2942300,28.23
2000-07-27,45.81,45.88,43.56,44.13,3146600,29.31
2000-07-26,46.50,46.69,45.56,45.63,2124500,30.31
2000-07-25,45.44,46.25,44.75,45.88,1610800,30.47
2000-07-24,45.69,45.94,45.00,45.00,1919600,29.89
2000-07-21,45.50,45.56,44.31,44.81,1697000,29.77
2000-07-20,46.94,47.06,45.19,45.69,2463300,30.35
2000-07-19,46.13,47.38,46.00,47.00,2541200,31.22
2000-07-18,46.00,46.19,45.31,45.50,1585500,30.22
2000-07-17,46.88,47.56,46.56,47.31,2632400,31.43
2000-07-14,46.25,46.38,45.75,46.06,1987900,30.60
2000-07-13,46.81,46.81,45.69,45.81,2401600,30.43
2000-07-12,47.75,47.81,46.25,46.88,3926200,31.14
2000-07-11,46.00,47.00,45.25,45.75,2860100,30.39
2000-07-10,47.88,48.06,47.38,47.50,1766800,31.55
2000-07-07,47.38,48.50,47.13,48.25,2195100,32.05
2000-07-06,46.88,51.00,46.38,51.00,4136000,33.88
2000-07-05,45.00,45.13,44.25,44.63,3012000,29.64
2000-07-03,42.75,45.34,42.19,45.34,2074400,30.12
2000-06-30,39.94,41.75,39.81,41.75,3819600,27.73
2000-06-29,41.25,41.50,39.88,41.25,4900200,27.40
2000-06-28,43.88,44.06,42.56,42.98,3658700,28.55
2000-06-27,44.63,45.19,44.50,44.75,2520900,29.73
2000-06-26,44.13,45.38,43.69,45.38,3131600,30.14
2000-06-23,45.69,45.88,43.38,43.94,5538600,29.19
2000-06-22,48.81,48.81,46.38,48.13,2800900,31.97
2000-06-21,47.44,48.81,47.31,48.75,2922000,32.38
2000-06-20,48.38,49.25,47.13,47.13,1970800,31.30
2000-06-19,48.69,48.75,47.50,48.75,2085900,32.38
2000-06-16,49.00,50.06,48.75,49.69,2683600,33.01
2000-06-15,49.31,49.44,48.31,49.25,2324000,32.71
2000-06-14,49.25,49.94,48.75,49.13,2296000,32.63
2000-06-13,49.00,50.00,48.56,49.75,2191200,33.05
2000-06-12,49.13,49.31,48.00,48.50,3378300,32.22
2000-06-09,47.69,48.00,47.13,47.94,2569800,31.84
2000-06-08,50.00,50.13,47.81,48.13,2772900,31.97
2000-06-07,48.94,50.75,48.50,50.00,2455100,33.21
2000-06-06,49.00,49.63,48.75,48.81,2906400,32.35
2000-06-05,49.13,50.56,49.00,50.00,2523700,33.14
2000-06-02,49.88,51.88,49.50,51.00,6824500,33.80
2000-06-01,47.44,48.25,47.00,48.25,4649200,31.98
2000-05-31,45.94,46.88,45.56,45.88,5524200,30.40
2000-05-30,45.06,46.44,45.06,46.44,7041300,30.78
2000-05-26,42.25,42.56,41.44,42.00,2362600,27.83
2000-05-25,41.75,43.38,40.94,41.75,7120800,27.67
2000-05-24,39.06,40.63,38.56,39.88,6439900,26.43
2000-05-23,37.69,39.38,37.00,39.00,5639800,25.85
2000-05-22,37.19,37.88,35.88,37.69,5455400,24.98
2000-05-19,37.13,37.44,35.94,36.31,7036100,24.06
2000-05-18,39.69,39.88,38.75,39.25,3807600,26.01
2000-05-17,39.25,40.63,39.25,40.44,4223300,26.80
2000-05-16,41.88,41.94,41.25,41.56,4854900,27.54
2000-05-15,42.75,43.44,41.75,42.88,3736800,28.41
2000-05-12,42.50,42.69,42.00,42.09,4226900,27.90
2000-05-11,40.31,41.38,39.75,41.13,5311500,27.25
2000-05-10,39.00,39.69,38.56,39.19,4663700,25.97
2000-05-09,39.94,40.19,38.38,38.69,6023600,25.64
2000-05-08,41.63,41.81,41.00,41.38,3633200,27.42
2000-05-05,42.00,43.25,42.00,43.19,4332600,28.62
2000-05-04,41.50,42.75,41.25,41.44,4988600,27.46
2000-05-03,43.38,43.63,41.88,42.44,5051300,28.12
2000-05-02,45.63,45.94,44.63,44.63,5014100,29.57
2000-05-01,46.94,47.25,46.19,47.06,4019000,31.19
2000-04-28,47.00,47.13,45.69,47.00,4931700,31.15
2000-04-27,43.50,47.50,43.50,46.00,8817600,30.49
2000-04-26,45.50,45.50,44.00,44.25,3783900,29.33
2000-04-25,45.50,46.00,44.44,45.94,6913000,30.44
2000-04-24,45.00,45.13,43.50,44.00,6796000,29.16
2000-04-20,49.19,49.19,45.38,46.88,4775900,31.06
2000-04-19,50.13,51.00,48.25,48.69,5586900,32.27
2000-04-18,47.13,50.44,46.63,50.13,4348000,33.22
2000-04-17,45.00,48.00,44.31,47.75,5340700,31.64
2000-04-14,49.19,51.13,45.00,45.50,5309800,30.15
2000-04-13,51.25,52.81,49.63,52.00,3775300,34.46
2000-04-12,52.19,52.38,48.38,49.13,4671600,32.56
2000-04-11,50.94,52.13,49.88,51.38,3543600,34.05
2000-04-10,56.63,56.75,52.75,52.75,3028000,34.96
2000-04-07,57.00,57.19,55.88,56.63,2567700,37.53
2000-04-06,53.63,56.00,53.06,55.06,4287600,36.49
2000-04-05,50.50,53.00,49.56,51.94,7065000,34.42
2000-04-04,52.50,53.13,48.75,52.06,6263200,34.50
2000-04-03,55.00,55.50,53.38,55.50,3042600,36.78
2000-03-31,55.94,56.81,54.94,55.56,4388900,36.82
2000-03-30,54.88,56.44,54.63,55.13,3013600,36.53
2000-03-29,57.88,58.00,56.31,57.00,3871700,37.77
2000-03-28,58.94,59.81,58.56,58.75,3511200,38.93
2000-03-27,58.25,58.94,58.19,58.69,3487800,38.89
2000-03-24,59.81,60.06,59.13,59.13,4125500,39.18
2000-03-23,58.00,60.44,58.00,60.00,5028200,39.76
2000-03-22,57.25,59.38,57.13,58.69,10256700,38.89
2000-03-21,58.63,61.69,58.56,60.63,7509200,40.18
2000-03-20,60.00,62.25,59.81,61.56,3971100,40.80
2000-03-17,57.19,59.44,57.13,58.81,2668000,38.98
2000-03-16,56.50,59.00,56.00,58.38,3989600,38.69
2000-03-15,57.25,57.63,56.00,56.00,3253900,37.11
2000-03-14,60.13,60.63,58.63,58.63,3887100,38.85
2000-03-13,59.50,61.88,59.19,61.00,3499700,40.43
2000-03-10,61.50,63.00,61.50,61.88,6243300,41.01
2000-03-09,61.81,63.94,61.63,63.06,5359000,41.79
2000-03-08,60.94,62.69,60.25,62.06,3202700,41.13
2000-03-07,62.94,62.94,60.06,60.13,4046000,39.85
2000-03-06,62.56,64.38,61.50,61.75,6561700,40.92
2000-03-03,58.38,60.50,58.00,59.88,4309300,39.68
2000-03-02,56.06,57.50,56.00,57.44,2917500,38.06
2000-03-01,56.75,57.44,55.58,56.75,3928400,37.61
2000-02-29,56.06,57.88,55.63,57.50,3656400,38.11
2000-02-28,56.44,56.56,55.13,55.19,4449600,36.57
2000-02-25,58.44,58.56,57.38,57.38,3284500,38.02
2000-02-24,57.94,59.38,57.00,59.00,4306200,39.10
2000-02-23,57.88,58.06,56.56,57.81,5052000,38.31
2000-02-22,55.25,56.25,54.38,55.25,7305700,36.62
2000-02-18,51.50,52.50,50.63,52.50,7765000,34.79
2000-02-17,52.25,53.56,51.25,53.44,4987800,35.41
2000-02-16,50.25,51.69,50.13,50.81,8524200,33.67
2000-02-15,51.56,52.50,49.94,52.50,8424100,34.79
2000-02-14,53.81,54.31,52.75,53.38,4361400,35.37
2000-02-11,57.38,57.63,53.06,55.00,11878200,36.45
2000-02-10,55.44,57.00,53.94,55.00,6967000,36.45
2000-02-09,53.38,56.00,52.75,52.75,9844100,34.96
2000-02-08,56.94,57.88,56.38,57.56,5700900,38.15
2000-02-07,53.63,54.31,52.75,54.00,12895500,35.79
2000-02-04,55.56,59.13,55.31,57.81,14779100,38.31
2000-02-03,56.50,62.44,56.38,61.75,9232000,40.92
2000-02-02,60.56,63.63,60.13,63.00,5840700,41.75
2000-02-01,57.75,59.44,57.38,59.00,4900300,39.10
2000-01-31,54.25,56.94,52.88,56.94,5636300,37.73
2000-01-28,55.31,56.00,53.56,54.63,3357600,36.20
2000-01-27,56.13,57.00,55.25,55.94,2692100,37.07
2000-01-26,56.75,57.44,56.13,56.19,3287600,37.24
2000-01-25,54.00,55.38,53.63,55.06,1556300,36.49
2000-01-24,55.13,55.63,53.94,54.94,2003100,36.41
2000-01-21,54.56,56.25,53.50,55.94,4197700,37.07
2000-01-20,55.88,57.63,55.44,55.44,4027100,36.74
2000-01-19,56.69,58.00,56.00,58.00,4773200,38.44
2000-01-18,54.88,58.00,54.75,58.00,5789800,38.44
2000-01-14,52.00,53.88,51.63,52.88,4195100,35.04
2000-01-13,50.44,51.13,49.88,50.50,2788000,33.47
2000-01-12,48.94,50.50,48.94,50.44,2526800,33.43
2000-01-11,49.25,49.50,48.00,48.00,2673300,31.81
2000-01-10,49.13,51.56,48.56,50.00,4676900,33.14
2000-01-07,46.25,47.63,46.00,46.00,3792000,30.49
2000-01-06,45.38,45.50,44.44,45.06,2604400,29.86
2000-01-05,46.69,46.94,45.13,46.00,3226000,30.49
2000-01-04,47.88,48.88,47.13,47.13,2601400,31.23
2000-01-03,50.75,50.75,48.63,49.50,1702900,32.80
